IMPROPER 22874 22885 22877 22879 $FC -120.0
DIHEDRAL 22909 22912 22914 22916 $FC  0.0
IMPROPER 22999 23010 23002 23004 $FC -120.0
DIHEDRAL 23034 23037 23039 23041 $FC  0.0
IMPROPER 23109 23116 23114 23118 $FC  120.0
IMPROPER 23126 23137 23129 23131 $FC -120.0
DIHEDRAL 23161 23164 23166 23168 $FC  0.0
IMPROPER 23236 23243 23241 23245 $FC  120.0
IMPROPER 23253 23264 23256 23258 $FC -120.0
DIHEDRAL 23288 23291 23293 23295 $FC  0.0
IMPROPER 23378 23389 23381 23383 $FC -120.0
DIHEDRAL 23413 23416 23418 23420 $FC  0.0
IMPROPER 23488 23495 23493 23497 $FC  120.0
IMPROPER 23505 23516 23508 23510 $FC -120.0
DIHEDRAL 23540 23543 23545 23547 $FC  0.0
IMPROPER 23615 23622 23620 23624 $FC  120.0
IMPROPER 23632 23643 23635 23637 $FC -120.0
DIHEDRAL 23667 23670 23672 23674 $FC  0.0
IMPROPER 23742 23749 23747 23751 $FC  120.0
IMPROPER 23759 23770 23762 23764 $FC -120.0
DIHEDRAL 23794 23797 23799 23801 $FC  0.0
IMPROPER 23884 23895 23887 23889 $FC -120.0
DIHEDRAL 23919 23922 23924 23926 $FC  0.0
IMPROPER 23994 24001 23999 24003 $FC  120.0
IMPROPER 24011 24022 24014 24016 $FC -120.0
DIHEDRAL 24046 24049 24051 24053 $FC  0.0
IMPROPER 24121 24128 24126 24130 $FC  120.0
IMPROPER 24138 24149 24141 24143 $FC -120.0
DIHEDRAL 24173 24176 24178 24180 $FC  0.0
IMPROPER 24263 24261 24259 24248 $FC  120.0
IMPROPER 24271 24276 24274 24282 $FC  120.0
IMPROPER 24256 24293 24291 24299 $FC  120.0
DIHEDRAL 24323 24326 24328 24330 $FC  0.0
DIHEDRAL 24370 24373 24375 24377 $FC  0.0
DIHEDRAL 24417 24420 24422 24424 $FC  0.0
DIHEDRAL 24464 24467 24469 24471 $FC  0.0
IMPROPER 24511 24509 24507 24496 $FC  120.0
IMPROPER 24519 24524 24522 24530 $FC  120.0
IMPROPER 24504 24541 24539 24547 $FC  120.0
DIHEDRAL 24571 24574 24576 24578 $FC  0.0
DIHEDRAL 24618 24621 24623 24625 $FC  0.0
DIHEDRAL 24665 24668 24670 24672 $FC  0.0
DIHEDRAL 24712 24715 24717 24719 $FC  0.0
IMPROPER 24759 24757 24755 24744 $FC  120.0
IMPROPER 24767 24772 24770 24778 $FC  120.0
IMPROPER 24752 24789 24787 24795 $FC  120.0
DIHEDRAL 24819 24822 24824 24826 $FC  0.0
DIHEDRAL 24866 24869 24871 24873 $FC  0.0
DIHEDRAL 24913 24916 24918 24920 $FC  0.0
DIHEDRAL 24960 24963 24965 24967 $FC  0.0
IMPROPER 25007 25005 25003 24992 $FC  120.0
IMPROPER 25015 25020 25018 25026 $FC  120.0
IMPROPER 25000 25037 25035 25043 $FC  120.0
DIHEDRAL 25067 25070 25072 25074 $FC  0.0
DIHEDRAL 25114 25117 25119 25121 $FC  0.0
DIHEDRAL 25161 25164 25166 25168 $FC  0.0
DIHEDRAL 25208 25211 25213 25215 $FC  0.0
IMPROPER 25255 25253 25251 25240 $FC  120.0
IMPROPER 25263 25268 25266 25274 $FC  120.0
IMPROPER 25248 25285 25283 25291 $FC  120.0
DIHEDRAL 25315 25318 25320 25322 $FC  0.0
DIHEDRAL 25362 25365 25367 25369 $FC  0.0
DIHEDRAL 25409 25412 25414 25416 $FC  0.0
DIHEDRAL 25456 25459 25461 25463 $FC  0.0
IMPROPER 25503 25514 25506 25508 $FC -120.0
DIHEDRAL 25538 25541 25543 25545 $FC  0.0
IMPROPER 25613 25620 25618 25622 $FC  120.0
IMPROPER 25630 25641 25633 25635 $FC -120.0
DIHEDRAL 25665 25668 25670 25672 $FC  0.0
IMPROPER 25740 25747 25745 25749 $FC  120.0
IMPROPER 25757 25768 25760 25762 $FC -120.0
DIHEDRAL 25792 25795 25797 25799 $FC  0.0
IMPROPER 25867 25874 25872 25876 $FC  120.0
IMPROPER 25884 25895 25887 25889 $FC -120.0
DIHEDRAL 25919 25922 25924 25926 $FC  0.0
IMPROPER 26009 26020 26012 26014 $FC -120.0
DIHEDRAL 26044 26047 26049 26051 $FC  0.0
IMPROPER 26134 26145 26137 26139 $FC -120.0
DIHEDRAL 26169 26172 26174 26176 $FC  0.0
IMPROPER 26259 26270 26262 26264 $FC -120.0
DIHEDRAL 26294 26297 26299 26301 $FC  0.0
IMPROPER 26369 26376 26374 26378 $FC  120.0
IMPROPER 26386 26397 26389 26391 $FC -120.0
DIHEDRAL 26421 26424 26426 26428 $FC  0.0
IMPROPER 26496 26503 26501 26505 $FC  120.0
IMPROPER 26513 26524 26516 26518 $FC -120.0
DIHEDRAL 26548 26551 26553 26555 $FC  0.0
IMPROPER 26623 26630 26628 26632 $FC  120.0
IMPROPER 26640 26651 26643 26645 $FC -120.0
DIHEDRAL 26675 26678 26680 26682 $FC  0.0
IMPROPER 26750 26757 26755 26759 $FC  120.0
IMPROPER 26767 26778 26770 26772 $FC -120.0
DIHEDRAL 26802 26805 26807 26809 $FC  0.0
IMPROPER 26877 26884 26882 26886 $FC  120.0
IMPROPER 26894 26905 26897 26899 $FC -120.0
DIHEDRAL 26929 26932 26934 26936 $FC  0.0
IMPROPER 27004 27011 27009 27013 $FC  120.0
IMPROPER 27021 27032 27024 27026 $FC -120.0
DIHEDRAL 27056 27059 27061 27063 $FC  0.0
IMPROPER 27131 27138 27136 27140 $FC  120.0
IMPROPER 27148 27159 27151 27153 $FC -120.0
DIHEDRAL 27183 27186 27188 27190 $FC  0.0
IMPROPER 27273 27284 27276 27278 $FC -120.0
DIHEDRAL 27308 27311 27313 27315 $FC  0.0
IMPROPER 27398 27409 27401 27403 $FC -120.0
DIHEDRAL 27433 27436 27438 27440 $FC  0.0
IMPROPER 27523 27521 27519 27508 $FC  120.0
IMPROPER 27531 27536 27534 27542 $FC  120.0
IMPROPER 27516 27553 27551 27559 $FC  120.0
DIHEDRAL 27583 27586 27588 27590 $FC  0.0
DIHEDRAL 27630 27633 27635 27637 $FC  0.0
DIHEDRAL 27677 27680 27682 27684 $FC  0.0
DIHEDRAL 27724 27727 27729 27731 $FC  0.0
IMPROPER 27771 27782 27774 27776 $FC -120.0
DIHEDRAL 27806 27809 27811 27813 $FC  0.0
IMPROPER 27881 27888 27886 27890 $FC  120.0
IMPROPER 27898 27909 27901 27903 $FC -120.0
DIHEDRAL 27933 27936 27938 27940 $FC  0.0
IMPROPER 28023 28034 28026 28028 $FC -120.0
DIHEDRAL 28058 28061 28063 28065 $FC  0.0
IMPROPER 28148 28146 28144 28133 $FC  120.0
IMPROPER 28156 28161 28159 28167 $FC  120.0
IMPROPER 28141 28178 28176 28184 $FC  120.0
DIHEDRAL 28208 28211 28213 28215 $FC  0.0
DIHEDRAL 28255 28258 28260 28262 $FC  0.0
DIHEDRAL 28302 28305 28307 28309 $FC  0.0
DIHEDRAL 28349 28352 28354 28356 $FC  0.0
IMPROPER 28396 28407 28399 28401 $FC -120.0
DIHEDRAL 28431 28434 28436 28438 $FC  0.0
IMPROPER 28521 28532 28524 28526 $FC -120.0
DIHEDRAL 28556 28559 28561 28563 $FC  0.0
IMPROPER 28631 28638 28636 28640 $FC  120.0
IMPROPER 28648 28659 28651 28653 $FC -120.0
DIHEDRAL 28683 28686 28688 28690 $FC  0.0
IMPROPER 28773 28771 28769 28758 $FC  120.0
IMPROPER 28781 28786 28784 28792 $FC  120.0
IMPROPER 28766 28803 28801 28809 $FC  120.0
DIHEDRAL 28833 28836 28838 28840 $FC  0.0
DIHEDRAL 28880 28883 28885 28887 $FC  0.0
DIHEDRAL 28927 28930 28932 28934 $FC  0.0
DIHEDRAL 28974 28977 28979 28981 $FC  0.0
IMPROPER 29021 29032 29024 29026 $FC -120.0
DIHEDRAL 29056 29059 29061 29063 $FC  0.0
IMPROPER 29131 29138 29136 29140 $FC  120.0
IMPROPER 29148 29159 29151 29153 $FC -120.0
DIHEDRAL 29183 29186 29188 29190 $FC  0.0
IMPROPER 29258 29265 29263 29267 $FC  120.0
IMPROPER 29275 29286 29278 29280 $FC -120.0
DIHEDRAL 29310 29313 29315 29317 $FC  0.0
IMPROPER 29400 29411 29403 29405 $FC -120.0
DIHEDRAL 29435 29438 29440 29442 $FC  0.0
IMPROPER 29510 29517 29515 29519 $FC  120.0
IMPROPER 29527 29538 29530 29532 $FC -120.0
DIHEDRAL 29562 29565 29567 29569 $FC  0.0
IMPROPER 29637 29644 29642 29646 $FC  120.0
IMPROPER 29654 29665 29657 29659 $FC -120.0
DIHEDRAL 29689 29692 29694 29696 $FC  0.0
IMPROPER 29779 29790 29782 29784 $FC -120.0
DIHEDRAL 29814 29817 29819 29821 $FC  0.0
IMPROPER 29904 29915 29907 29909 $FC -120.0
DIHEDRAL 29939 29942 29944 29946 $FC  0.0
IMPROPER 30029 30040 30032 30034 $FC -120.0
DIHEDRAL 30064 30067 30069 30071 $FC  0.0
IMPROPER 30139 30146 30144 30148 $FC  120.0
IMPROPER 30156 30167 30159 30161 $FC -120.0
DIHEDRAL 30191 30194 30196 30198 $FC  0.0
IMPROPER 30266 30273 30271 30275 $FC  120.0
IMPROPER 30283 30294 30286 30288 $FC -120.0
DIHEDRAL 30318 30321 30323 30325 $FC  0.0
IMPROPER 30408 30419 30411 30413 $FC -120.0
DIHEDRAL 30443 30446 30448 30450 $FC  0.0
IMPROPER 30533 30544 30536 30538 $FC -120.0
DIHEDRAL 30568 30571 30573 30575 $FC  0.0
IMPROPER 30643 30650 30648 30652 $FC  120.0
IMPROPER 30660 30671 30663 30665 $FC -120.0
DIHEDRAL 30695 30698 30700 30702 $FC  0.0
IMPROPER 30770 30777 30775 30779 $FC  120.0
IMPROPER 30787 30798 30790 30792 $FC -120.0
DIHEDRAL 30822 30825 30827 30829 $FC  0.0
IMPROPER 30912 30910 30908 30897 $FC  120.0
IMPROPER 30920 30925 30923 30931 $FC  120.0
IMPROPER 30905 30942 30940 30948 $FC  120.0
DIHEDRAL 30972 30975 30977 30979 $FC  0.0
DIHEDRAL 31019 31022 31024 31026 $FC  0.0
DIHEDRAL 31066 31069 31071 31073 $FC  0.0
DIHEDRAL 31113 31116 31118 31120 $FC  0.0
IMPROPER 31160 31171 31163 31165 $FC -120.0
DIHEDRAL 31195 31198 31200 31202 $FC  0.0
IMPROPER 31270 31277 31275 31279 $FC  120.0
IMPROPER 31287 31298 31290 31292 $FC -120.0
DIHEDRAL 31322 31325 31327 31329 $FC  0.0
IMPROPER 31397 31404 31402 31406 $FC  120.0
IMPROPER 31414 31425 31417 31419 $FC -120.0
DIHEDRAL 31449 31452 31454 31456 $FC  0.0
IMPROPER 31539 31550 31542 31544 $FC -120.0
DIHEDRAL 31574 31577 31579 31581 $FC  0.0
IMPROPER 31664 31662 31660 31649 $FC  120.0
IMPROPER 31672 31677 31675 31683 $FC  120.0
IMPROPER 31657 31694 31692 31700 $FC  120.0
DIHEDRAL 31724 31727 31729 31731 $FC  0.0
DIHEDRAL 31771 31774 31776 31778 $FC  0.0
DIHEDRAL 31818 31821 31823 31825 $FC  0.0
DIHEDRAL 31865 31868 31870 31872 $FC  0.0
IMPROPER 31897 31904 31902 31906 $FC  120.0
IMPROPER 31914 31925 31917 31919 $FC -120.0
DIHEDRAL 31949 31952 31954 31956 $FC  0.0
IMPROPER 32024 32031 32029 32033 $FC  120.0
IMPROPER 32041 32052 32044 32046 $FC -120.0
DIHEDRAL 32076 32079 32081 32083 $FC  0.0
IMPROPER 32166 32177 32169 32171 $FC -120.0
DIHEDRAL 32201 32204 32206 32208 $FC  0.0
IMPROPER 32276 32283 32281 32285 $FC  120.0
IMPROPER 32293 32304 32296 32298 $FC -120.0
DIHEDRAL 32328 32331 32333 32335 $FC  0.0
IMPROPER 32403 32410 32408 32412 $FC  120.0
IMPROPER 32420 32431 32423 32425 $FC -120.0
DIHEDRAL 32455 32458 32460 32462 $FC  0.0
IMPROPER 32545 32556 32548 32550 $FC -120.0
DIHEDRAL 32580 32583 32585 32587 $FC  0.0
IMPROPER 32670 32681 32673 32675 $FC -120.0
DIHEDRAL 32705 32708 32710 32712 $FC  0.0
IMPROPER 32780 32787 32785 32789 $FC  120.0
IMPROPER 32797 32808 32800 32802 $FC -120.0
DIHEDRAL 32832 32835 32837 32839 $FC  0.0
IMPROPER 32907 32914 32912 32916 $FC  120.0
IMPROPER 32924 32935 32927 32929 $FC -120.0
DIHEDRAL 32959 32962 32964 32966 $FC  0.0
IMPROPER 33049 33060 33052 33054 $FC -120.0
DIHEDRAL 33084 33087 33089 33091 $FC  0.0
IMPROPER 33174 33185 33177 33179 $FC -120.0
DIHEDRAL 33209 33212 33214 33216 $FC  0.0
IMPROPER 33284 33291 33289 33293 $FC  120.0
IMPROPER 33301 33312 33304 33306 $FC -120.0
DIHEDRAL 33336 33339 33341 33343 $FC  0.0
IMPROPER 33426 33437 33429 33431 $FC -120.0
DIHEDRAL 33461 33464 33466 33468 $FC  0.0
IMPROPER 33536 33543 33541 33545 $FC  120.0
IMPROPER 33553 33564 33556 33558 $FC -120.0
DIHEDRAL 33588 33591 33593 33595 $FC  0.0
IMPROPER 33663 33670 33668 33672 $FC  120.0
IMPROPER 33680 33691 33683 33685 $FC -120.0
DIHEDRAL 33715 33718 33720 33722 $FC  0.0
IMPROPER 33805 33816 33808 33810 $FC -120.0
DIHEDRAL 33840 33843 33845 33847 $FC  0.0
IMPROPER 33915 33922 33920 33924 $FC  120.0
IMPROPER 33932 33943 33935 33937 $FC -120.0
DIHEDRAL 33967 33970 33972 33974 $FC  0.0
IMPROPER 34042 34049 34047 34051 $FC  120.0
IMPROPER 34059 34070 34062 34064 $FC -120.0
DIHEDRAL 34094 34097 34099 34101 $FC  0.0
IMPROPER 34184 34195 34187 34189 $FC -120.0
DIHEDRAL 34219 34222 34224 34226 $FC  0.0
IMPROPER 34294 34301 34299 34303 $FC  120.0
IMPROPER 34311 34322 34314 34316 $FC -120.0
DIHEDRAL 34346 34349 34351 34353 $FC  0.0
IMPROPER 34436 34434 34432 34421 $FC  120.0
IMPROPER 34444 34449 34447 34455 $FC  120.0
IMPROPER 34429 34466 34464 34472 $FC  120.0
DIHEDRAL 34496 34499 34501 34503 $FC  0.0
DIHEDRAL 34543 34546 34548 34550 $FC  0.0
DIHEDRAL 34590 34593 34595 34597 $FC  0.0
DIHEDRAL 34637 34640 34642 34644 $FC  0.0
IMPROPER 34684 34695 34687 34689 $FC -120.0
DIHEDRAL 34719 34722 34724 34726 $FC  0.0
IMPROPER 34809 34820 34812 34814 $FC -120.0
DIHEDRAL 34844 34847 34849 34851 $FC  0.0
IMPROPER 34919 34926 34924 34928 $FC  120.0
IMPROPER 34936 34947 34939 34941 $FC -120.0
DIHEDRAL 34971 34974 34976 34978 $FC  0.0
IMPROPER 35061 35072 35064 35066 $FC -120.0
DIHEDRAL 35096 35099 35101 35103 $FC  0.0
IMPROPER 35186 35197 35189 35191 $FC -120.0
DIHEDRAL 35221 35224 35226 35228 $FC  0.0
IMPROPER 35311 35322 35314 35316 $FC -120.0
DIHEDRAL 35346 35349 35351 35353 $FC  0.0
IMPROPER 35436 35447 35439 35441 $FC -120.0
DIHEDRAL 35471 35474 35476 35478 $FC  0.0
IMPROPER 35546 35553 35551 35555 $FC  120.0
IMPROPER 35563 35574 35566 35568 $FC -120.0
DIHEDRAL 35598 35601 35603 35605 $FC  180.0
IMPROPER 35673 35680 35678 35682 $FC  120.0
IMPROPER 35690 35701 35693 35695 $FC -120.0
DIHEDRAL 35725 35728 35730 35732 $FC  0.0
IMPROPER 35815 35826 35818 35820 $FC -120.0
DIHEDRAL 35850 35853 35855 35857 $FC  0.0
IMPROPER 35925 35932 35930 35934 $FC  120.0
IMPROPER 35942 35953 35945 35947 $FC -120.0
DIHEDRAL 35977 35980 35982 35984 $FC  0.0
IMPROPER 36067 36078 36070 36072 $FC -120.0
DIHEDRAL 36102 36105 36107 36109 $FC  0.0
IMPROPER 36177 36184 36182 36186 $FC  120.0
IMPROPER 36194 36205 36197 36199 $FC -120.0
DIHEDRAL 36229 36232 36234 36236 $FC  0.0
IMPROPER 36304 36311 36309 36313 $FC  120.0
IMPROPER 36321 36332 36324 36326 $FC -120.0
DIHEDRAL 36356 36359 36361 36363 $FC  0.0
IMPROPER 36446 36457 36449 36451 $FC -120.0
DIHEDRAL 36481 36484 36486 36488 $FC  0.0
IMPROPER 36571 36582 36574 36576 $FC -120.0
DIHEDRAL 36606 36609 36611 36613 $FC  0.0
IMPROPER 36681 36688 36686 36690 $FC  120.0
IMPROPER 36698 36709 36701 36703 $FC -120.0
DIHEDRAL 36733 36736 36738 36740 $FC  0.0
IMPROPER 36808 36815 36813 36817 $FC  120.0
IMPROPER 36825 36836 36828 36830 $FC -120.0
DIHEDRAL 36860 36863 36865 36867 $FC  0.0
IMPROPER 36950 36948 36946 36935 $FC  120.0
IMPROPER 36958 36963 36961 36969 $FC  120.0
IMPROPER 36943 36980 36978 36986 $FC  120.0
DIHEDRAL 37010 37013 37015 37017 $FC  0.0
DIHEDRAL 37057 37060 37062 37064 $FC  0.0
DIHEDRAL 37104 37107 37109 37111 $FC  0.0
DIHEDRAL 37151 37154 37156 37158 $FC  0.0
IMPROPER 37198 37209 37201 37203 $FC -120.0
DIHEDRAL 37233 37236 37238 37240 $FC  0.0
IMPROPER 37308 37315 37313 37317 $FC  120.0
IMPROPER 37325 37336 37328 37330 $FC -120.0
DIHEDRAL 37360 37363 37365 37367 $FC  0.0
IMPROPER 37450 37461 37453 37455 $FC -120.0
DIHEDRAL 37485 37488 37490 37492 $FC  0.0
IMPROPER 37560 37567 37565 37569 $FC  120.0
IMPROPER 37577 37588 37580 37582 $FC -120.0
DIHEDRAL 37612 37615 37617 37619 $FC  0.0
IMPROPER 37702 37713 37705 37707 $FC -120.0
DIHEDRAL 37737 37740 37742 37744 $FC  0.0
IMPROPER 37812 37819 37817 37821 $FC  120.0
IMPROPER 37829 37840 37832 37834 $FC -120.0
DIHEDRAL 37864 37867 37869 37871 $FC  0.0
IMPROPER 37939 37946 37944 37948 $FC  120.0
IMPROPER 37956 37967 37959 37961 $FC -120.0
DIHEDRAL 37991 37994 37996 37998 $FC  0.0
IMPROPER 38081 38092 38084 38086 $FC -120.0
DIHEDRAL 38116 38119 38121 38123 $FC  0.0
IMPROPER 38191 38198 38196 38200 $FC  120.0
IMPROPER 38208 38219 38211 38213 $FC -120.0
DIHEDRAL 38243 38246 38248 38250 $FC  0.0
IMPROPER 38333 38344 38336 38338 $FC -120.0
DIHEDRAL 38368 38371 38373 38375 $FC  0.0
IMPROPER 38443 38450 38448 38452 $FC  120.0
IMPROPER 38460 38471 38463 38465 $FC -120.0
DIHEDRAL 38495 38498 38500 38502 $FC  0.0
IMPROPER 38570 38577 38575 38579 $FC  120.0
IMPROPER 38587 38598 38590 38592 $FC -120.0
DIHEDRAL 38622 38625 38627 38629 $FC  0.0
IMPROPER 38697 38704 38702 38706 $FC  120.0
IMPROPER 38714 38725 38717 38719 $FC -120.0
DIHEDRAL 38749 38752 38754 38756 $FC  0.0
IMPROPER 38839 38850 38842 38844 $FC -120.0
DIHEDRAL 38874 38877 38879 38881 $FC  0.0
IMPROPER 38949 38956 38954 38958 $FC  120.0
IMPROPER 38966 38977 38969 38971 $FC -120.0
DIHEDRAL 39001 39004 39006 39008 $FC  0.0
IMPROPER 39091 39089 39087 39076 $FC  120.0
IMPROPER 39099 39104 39102 39110 $FC  120.0
IMPROPER 39084 39121 39119 39127 $FC  120.0
DIHEDRAL 39151 39154 39156 39158 $FC  0.0
DIHEDRAL 39198 39201 39203 39205 $FC  0.0
DIHEDRAL 39245 39248 39250 39252 $FC  0.0
DIHEDRAL 39292 39295 39297 39299 $FC  0.0
IMPROPER 39324 39331 39329 39333 $FC  120.0
IMPROPER 39341 39352 39344 39346 $FC -120.0
DIHEDRAL 39376 39379 39381 39383 $FC  0.0
IMPROPER 39466 39477 39469 39471 $FC -120.0
DIHEDRAL 39501 39504 39506 39508 $FC  0.0
IMPROPER 39576 39583 39581 39585 $FC  120.0
IMPROPER 39593 39604 39596 39598 $FC -120.0
DIHEDRAL 39628 39631 39633 39635 $FC  0.0
IMPROPER 39718 39729 39721 39723 $FC -120.0
DIHEDRAL 39753 39756 39758 39760 $FC  0.0
IMPROPER 39843 39854 39846 39848 $FC -120.0
DIHEDRAL 39878 39881 39883 39885 $FC  0.0
IMPROPER 39968 39966 39964 39953 $FC  120.0
IMPROPER 39976 39981 39979 39987 $FC  120.0
IMPROPER 39961 39998 39996 40004 $FC  120.0
DIHEDRAL 40028 40031 40033 40035 $FC  0.0
DIHEDRAL 40075 40078 40080 40082 $FC  0.0
DIHEDRAL 40122 40125 40127 40129 $FC  0.0
DIHEDRAL 40169 40172 40174 40176 $FC  0.0
IMPROPER 40216 40227 40219 40221 $FC -120.0
DIHEDRAL 40251 40254 40256 40258 $FC  0.0
IMPROPER 40341 40352 40344 40346 $FC -120.0
DIHEDRAL 40376 40379 40381 40383 $FC  0.0
IMPROPER 40466 40477 40469 40471 $FC -120.0
DIHEDRAL 40501 40504 40506 40508 $FC  0.0
IMPROPER 40591 40602 40594 40596 $FC -120.0
DIHEDRAL 40626 40629 40631 40633 $FC  0.0
IMPROPER 40701 40708 40706 40710 $FC  120.0
IMPROPER 40718 40729 40721 40723 $FC -120.0
DIHEDRAL 40753 40756 40758 40760 $FC  0.0
IMPROPER 40828 40835 40833 40837 $FC  120.0
IMPROPER 40845 40856 40848 40850 $FC -120.0
DIHEDRAL 40880 40883 40885 40887 $FC  0.0
IMPROPER 40970 40981 40973 40975 $FC -120.0
DIHEDRAL 41005 41008 41010 41012 $FC  0.0
IMPROPER 41080 41087 41085 41089 $FC  120.0
IMPROPER 41097 41108 41100 41102 $FC -120.0
DIHEDRAL 41132 41135 41137 41139 $FC  0.0
IMPROPER 41207 41214 41212 41216 $FC  120.0
IMPROPER 41224 41235 41227 41229 $FC -120.0
DIHEDRAL 41259 41262 41264 41266 $FC  0.0
IMPROPER 41334 41341 41339 41343 $FC  120.0
IMPROPER 41351 41362 41354 41356 $FC -120.0
DIHEDRAL 41386 41389 41391 41393 $FC  0.0
IMPROPER 41461 41468 41466 41470 $FC  120.0
IMPROPER 41478 41489 41481 41483 $FC -120.0
DIHEDRAL 41513 41516 41518 41520 $FC  0.0
IMPROPER 41588 41595 41593 41597 $FC  120.0
IMPROPER 41605 41616 41608 41610 $FC -120.0
DIHEDRAL 41640 41643 41645 41647 $FC  0.0
IMPROPER 41730 41741 41733 41735 $FC -120.0
DIHEDRAL 41765 41768 41770 41772 $FC  0.0
IMPROPER 41855 41866 41858 41860 $FC -120.0
DIHEDRAL 41890 41893 41895 41897 $FC  0.0
IMPROPER 41980 41978 41976 41965 $FC  120.0
IMPROPER 41988 41993 41991 41999 $FC  120.0
IMPROPER 41973 42010 42008 42016 $FC  120.0
DIHEDRAL 42040 42043 42045 42047 $FC  0.0
DIHEDRAL 42087 42090 42092 42094 $FC  0.0
DIHEDRAL 42134 42137 42139 42141 $FC  0.0
DIHEDRAL 42181 42184 42186 42188 $FC  0.0
IMPROPER 42228 42226 42224 42213 $FC  120.0
IMPROPER 42236 42241 42239 42247 $FC  120.0
IMPROPER 42221 42258 42256 42264 $FC  120.0
DIHEDRAL 42288 42291 42293 42295 $FC  0.0
DIHEDRAL 42335 42338 42340 42342 $FC  0.0
DIHEDRAL 42382 42385 42387 42389 $FC  0.0
DIHEDRAL 42429 42432 42434 42436 $FC  0.0
IMPROPER 42476 42487 42479 42481 $FC -120.0
DIHEDRAL 42511 42514 42516 42518 $FC  0.0
IMPROPER 42586 42593 42591 42595 $FC  120.0
IMPROPER 42603 42614 42606 42608 $FC -120.0
DIHEDRAL 42638 42641 42643 42645 $FC  0.0
IMPROPER 42728 42739 42731 42733 $FC -120.0
DIHEDRAL 42763 42766 42768 42770 $FC  0.0
IMPROPER 42853 42851 42849 42838 $FC  120.0
IMPROPER 42861 42866 42864 42872 $FC  120.0
IMPROPER 42846 42883 42881 42889 $FC  120.0
DIHEDRAL 42913 42916 42918 42920 $FC  0.0
DIHEDRAL 42960 42963 42965 42967 $FC  0.0
DIHEDRAL 43007 43010 43012 43014 $FC  0.0
DIHEDRAL 43054 43057 43059 43061 $FC  0.0
IMPROPER 43086 43093 43091 43095 $FC  120.0
IMPROPER 43103 43114 43106 43108 $FC -120.0
DIHEDRAL 43138 43141 43143 43145 $FC  0.0
IMPROPER 43228 43239 43231 43233 $FC -120.0
DIHEDRAL 43263 43266 43268 43270 $FC  0.0
IMPROPER 43353 43351 43349 43338 $FC  120.0
IMPROPER 43361 43366 43364 43372 $FC  120.0
IMPROPER 43346 43383 43381 43389 $FC  120.0
DIHEDRAL 43413 43416 43418 43420 $FC  0.0
DIHEDRAL 43460 43463 43465 43467 $FC  0.0
DIHEDRAL 43507 43510 43512 43514 $FC  0.0
DIHEDRAL 43554 43557 43559 43561 $FC  0.0
IMPROPER 43601 43599 43597 43586 $FC  120.0
IMPROPER 43609 43614 43612 43620 $FC  120.0
IMPROPER 43594 43631 43629 43637 $FC  120.0
DIHEDRAL 43661 43664 43666 43668 $FC  0.0
DIHEDRAL 43708 43711 43713 43715 $FC  0.0
DIHEDRAL 43755 43758 43760 43762 $FC  0.0
DIHEDRAL 43802 43805 43807 43809 $FC  0.0
IMPROPER 43834 43841 43839 43843 $FC  120.0
IMPROPER 43851 43862 43854 43856 $FC -120.0
DIHEDRAL 43886 43889 43891 43893 $FC  0.0
IMPROPER 43961 43968 43966 43970 $FC  120.0
IMPROPER 43978 43989 43981 43983 $FC -120.0
DIHEDRAL 44013 44016 44018 44020 $FC  0.0
IMPROPER 44088 44095 44093 44097 $FC  120.0
IMPROPER 44105 44116 44108 44110 $FC -120.0
DIHEDRAL 44140 44143 44145 44147 $FC  0.0
IMPROPER 44230 44241 44233 44235 $FC -120.0
DIHEDRAL 44265 44268 44270 44272 $FC  0.0
IMPROPER 44355 44366 44358 44360 $FC -120.0
DIHEDRAL 44390 44393 44395 44397 $FC  0.0
IMPROPER 44480 44491 44483 44485 $FC -120.0
DIHEDRAL 44515 44518 44520 44522 $FC  0.0
IMPROPER 44605 44616 44608 44610 $FC -120.0
DIHEDRAL 44640 44643 44645 44647 $FC  0.0
IMPROPER 44730 44741 44733 44735 $FC -120.0
DIHEDRAL 44765 44768 44770 44772 $FC  0.0
IMPROPER 44855 44866 44858 44860 $FC -120.0
DIHEDRAL 44890 44893 44895 44897 $FC  0.0
IMPROPER 44965 44972 44970 44974 $FC  120.0
IMPROPER 44982 44993 44985 44987 $FC -120.0
DIHEDRAL 45017 45020 45022 45024 $FC  0.0
IMPROPER 45092 45099 45097 45101 $FC  120.0
IMPROPER 45109 45120 45112 45114 $FC -120.0
DIHEDRAL 45144 45147 45149 45151 $FC  0.0
IMPROPER 45234 45245 45237 45239 $FC -120.0
DIHEDRAL 45269 45272 45274 45276 $FC  0.0
IMPROPER 45344 45351 45349 45353 $FC  120.0
IMPROPER 45361 45372 45364 45366 $FC -120.0
DIHEDRAL 45396 45399 45401 45403 $FC  0.0
IMPROPER 45471 45478 45476 45480 $FC  120.0
IMPROPER 45488 45499 45491 45493 $FC -120.0
DIHEDRAL 45523 45526 45528 45530 $FC  0.0
IMPROPER 45598 45605 45603 45607 $FC  120.0
IMPROPER 45615 45626 45618 45620 $FC -120.0
DIHEDRAL 45650 45653 45655 45657 $FC  0.0
IMPROPER 45740 45751 45743 45745 $FC -120.0
DIHEDRAL 45775 45778 45780 45782 $FC  0.0
IMPROPER 45850 45857 45855 45859 $FC  120.0
IMPROPER 45867 45878 45870 45872 $FC -120.0
DIHEDRAL 45902 45905 45907 45909 $FC  0.0
IMPROPER 45977 45984 45982 45986 $FC  120.0
IMPROPER 45994 46005 45997 45999 $FC -120.0
DIHEDRAL 46029 46032 46034 46036 $FC  0.0
IMPROPER 46119 46117 46115 46104 $FC  120.0
IMPROPER 46127 46132 46130 46138 $FC  120.0
IMPROPER 46112 46149 46147 46155 $FC  120.0
DIHEDRAL 46179 46182 46184 46186 $FC  0.0
DIHEDRAL 46226 46229 46231 46233 $FC  0.0
DIHEDRAL 46273 46276 46278 46280 $FC  0.0
DIHEDRAL 46320 46323 46325 46327 $FC  0.0
IMPROPER 46352 46359 46357 46361 $FC  120.0
IMPROPER 46369 46380 46372 46374 $FC -120.0
DIHEDRAL 46404 46407 46409 46411 $FC  0.0
IMPROPER 46494 46505 46497 46499 $FC -120.0
DIHEDRAL 46529 46532 46534 46536 $FC  0.0
IMPROPER 46619 46630 46622 46624 $FC -120.0
DIHEDRAL 46654 46657 46659 46661 $FC  0.0
IMPROPER 46744 46755 46747 46749 $FC -120.0
DIHEDRAL 46779 46782 46784 46786 $FC  0.0
IMPROPER 46869 46880 46872 46874 $FC -120.0
DIHEDRAL 46904 46907 46909 46911 $FC  0.0
IMPROPER 46994 47005 46997 46999 $FC -120.0
DIHEDRAL 47029 47032 47034 47036 $FC  0.0
IMPROPER 47119 47130 47122 47124 $FC -120.0
DIHEDRAL 47154 47157 47159 47161 $FC  0.0
IMPROPER 47244 47255 47247 47249 $FC -120.0
DIHEDRAL 47279 47282 47284 47286 $FC  0.0
IMPROPER 47354 47361 47359 47363 $FC  120.0
IMPROPER 47371 47382 47374 47376 $FC -120.0
DIHEDRAL 47406 47409 47411 47413 $FC  0.0
IMPROPER 47496 47507 47499 47501 $FC -120.0
DIHEDRAL 47531 47534 47536 47538 $FC  0.0
IMPROPER 47621 47619 47617 47606 $FC  120.0
IMPROPER 47629 47634 47632 47640 $FC  120.0
IMPROPER 47614 47651 47649 47657 $FC  120.0
DIHEDRAL 47681 47684 47686 47688 $FC  0.0
DIHEDRAL 47728 47731 47733 47735 $FC  0.0
DIHEDRAL 47775 47778 47780 47782 $FC  0.0
DIHEDRAL 47822 47825 47827 47829 $FC  0.0
IMPROPER 47869 47880 47872 47874 $FC -120.0
DIHEDRAL 47904 47907 47909 47911 $FC  0.0
IMPROPER 47979 47986 47984 47988 $FC  120.0
IMPROPER 47996 48007 47999 48001 $FC -120.0
DIHEDRAL 48031 48034 48036 48038 $FC  0.0
IMPROPER 48121 48132 48124 48126 $FC -120.0
DIHEDRAL 48156 48159 48161 48163 $FC  0.0
IMPROPER 48231 48238 48236 48240 $FC  120.0
IMPROPER 48248 48259 48251 48253 $FC -120.0
DIHEDRAL 48283 48286 48288 48290 $FC  0.0
IMPROPER 48373 48371 48369 48358 $FC  120.0
IMPROPER 48381 48386 48384 48392 $FC  120.0
IMPROPER 48366 48403 48401 48409 $FC  120.0
DIHEDRAL 48433 48436 48438 48440 $FC  0.0
DIHEDRAL 48480 48483 48485 48487 $FC  0.0
DIHEDRAL 48527 48530 48532 48534 $FC  0.0
DIHEDRAL 48574 48577 48579 48581 $FC  0.0
IMPROPER 48606 48613 48611 48615 $FC  120.0
IMPROPER 48623 48634 48626 48628 $FC -120.0
DIHEDRAL 48658 48661 48663 48665 $FC  0.0
IMPROPER 48748 48759 48751 48753 $FC -120.0
DIHEDRAL 48783 48786 48788 48790 $FC  0.0
IMPROPER 48873 48871 48869 48858 $FC  120.0
IMPROPER 48881 48886 48884 48892 $FC  120.0
IMPROPER 48866 48903 48901 48909 $FC  120.0
DIHEDRAL 48933 48936 48938 48940 $FC  0.0
DIHEDRAL 48980 48983 48985 48987 $FC  0.0
DIHEDRAL 49027 49030 49032 49034 $FC  0.0
DIHEDRAL 49074 49077 49079 49081 $FC  0.0
IMPROPER 49121 49132 49124 49126 $FC -120.0
DIHEDRAL 49156 49159 49161 49163 $FC  0.0
IMPROPER 49246 49257 49249 49251 $FC -120.0
DIHEDRAL 49281 49284 49286 49288 $FC  0.0
IMPROPER 49371 49369 49367 49356 $FC  120.0
IMPROPER 49379 49384 49382 49390 $FC  120.0
IMPROPER 49364 49401 49399 49407 $FC  120.0
DIHEDRAL 49431 49434 49436 49438 $FC  0.0
DIHEDRAL 49478 49481 49483 49485 $FC  0.0
DIHEDRAL 49525 49528 49530 49532 $FC  0.0
DIHEDRAL 49572 49575 49577 49579 $FC  0.0
IMPROPER 49619 49630 49622 49624 $FC -120.0
DIHEDRAL 49654 49657 49659 49661 $FC  0.0
IMPROPER 49729 49736 49734 49738 $FC  120.0
IMPROPER 49746 49757 49749 49751 $FC -120.0
DIHEDRAL 49781 49784 49786 49788 $FC  0.0
IMPROPER 49871 49882 49874 49876 $FC -120.0
DIHEDRAL 49906 49909 49911 49913 $FC  0.0
IMPROPER 49996 49994 49992 49981 $FC  120.0
IMPROPER 50004 50009 50007 50015 $FC  120.0
IMPROPER 49989 50026 50024 50032 $FC  120.0
DIHEDRAL 50056 50059 50061 50063 $FC  0.0
DIHEDRAL 50103 50106 50108 50110 $FC  0.0
DIHEDRAL 50150 50153 50155 50157 $FC  0.0
DIHEDRAL 50197 50200 50202 50204 $FC  0.0
IMPROPER 50244 50255 50247 50249 $FC -120.0
DIHEDRAL 50279 50282 50284 50286 $FC  0.0
IMPROPER 50354 50361 50359 50363 $FC  120.0
IMPROPER 50371 50382 50374 50376 $FC -120.0
DIHEDRAL 50406 50409 50411 50413 $FC  0.0
IMPROPER 50481 50488 50486 50490 $FC  120.0
IMPROPER 50498 50509 50501 50503 $FC -120.0
DIHEDRAL 50533 50536 50538 50540 $FC  0.0
IMPROPER 50623 50634 50626 50628 $FC -120.0
DIHEDRAL 50658 50661 50663 50665 $FC  0.0
IMPROPER 50748 50759 50751 50753 $FC -120.0
DIHEDRAL 50783 50786 50788 50790 $FC  0.0
IMPROPER 50873 50884 50876 50878 $FC -120.0
DIHEDRAL 50908 50911 50913 50915 $FC  0.0
IMPROPER 50998 51009 51001 51003 $FC -120.0
DIHEDRAL 51033 51036 51038 51040 $FC  0.0
IMPROPER 51108 51115 51113 51117 $FC  120.0
IMPROPER 51125 51136 51128 51130 $FC -120.0
DIHEDRAL 51160 51163 51165 51167 $FC  0.0
IMPROPER 51235 51242 51240 51244 $FC  120.0
IMPROPER 51252 51263 51255 51257 $FC -120.0
DIHEDRAL 51287 51290 51292 51294 $FC  0.0
IMPROPER 51362 51369 51367 51371 $FC  120.0
IMPROPER 51379 51390 51382 51384 $FC -120.0
DIHEDRAL 51414 51417 51419 51421 $FC  0.0
IMPROPER 51489 51496 51494 51498 $FC  120.0
IMPROPER 51506 51517 51509 51511 $FC -120.0
DIHEDRAL 51541 51544 51546 51548 $FC  0.0
IMPROPER 51631 51629 51627 51616 $FC  120.0
IMPROPER 51639 51644 51642 51650 $FC  120.0
IMPROPER 51624 51661 51659 51667 $FC  120.0
DIHEDRAL 51691 51694 51696 51698 $FC  0.0
DIHEDRAL 51738 51741 51743 51745 $FC  0.0
DIHEDRAL 51785 51788 51790 51792 $FC  0.0
DIHEDRAL 51832 51835 51837 51839 $FC  0.0
IMPROPER 51864 51871 51869 51873 $FC  120.0
IMPROPER 51881 51892 51884 51886 $FC -120.0
DIHEDRAL 51916 51919 51921 51923 $FC  0.0
IMPROPER 52006 52017 52009 52011 $FC -120.0
DIHEDRAL 52041 52044 52046 52048 $FC  0.0
IMPROPER 52116 52123 52121 52125 $FC  120.0
IMPROPER 52133 52144 52136 52138 $FC -120.0
DIHEDRAL 52168 52171 52173 52175 $FC  0.0
IMPROPER 52243 52250 52248 52252 $FC  120.0
IMPROPER 52260 52271 52263 52265 $FC -120.0
DIHEDRAL 52295 52298 52300 52302 $FC  0.0
IMPROPER 52385 52396 52388 52390 $FC -120.0
DIHEDRAL 52420 52423 52425 52427 $FC  0.0
IMPROPER 52495 52502 52500 52504 $FC  120.0
IMPROPER 52512 52523 52515 52517 $FC -120.0
DIHEDRAL 52547 52550 52552 52554 $FC  0.0
IMPROPER 52622 52629 52627 52631 $FC  120.0
IMPROPER 52639 52650 52642 52644 $FC -120.0
DIHEDRAL 52674 52677 52679 52681 $FC  0.0
IMPROPER 52764 52775 52767 52769 $FC -120.0
DIHEDRAL 52799 52802 52804 52806 $FC  0.0
IMPROPER 52874 52881 52879 52883 $FC  120.0
IMPROPER 52891 52902 52894 52896 $FC -120.0
DIHEDRAL 52926 52929 52931 52933 $FC  0.0
IMPROPER 53001 53008 53006 53010 $FC  120.0
IMPROPER 53018 53029 53021 53023 $FC -120.0
DIHEDRAL 53053 53056 53058 53060 $FC  0.0
IMPROPER 53128 53135 53133 53137 $FC  120.0
IMPROPER 53145 53156 53148 53150 $FC -120.0
DIHEDRAL 53180 53183 53185 53187 $FC  0.0
IMPROPER 53255 53262 53260 53264 $FC  120.0
IMPROPER 53272 53283 53275 53277 $FC -120.0
DIHEDRAL 53307 53310 53312 53314 $FC  0.0
IMPROPER 53382 53389 53387 53391 $FC  120.0
IMPROPER 53399 53410 53402 53404 $FC -120.0
DIHEDRAL 53434 53437 53439 53441 $FC  0.0
IMPROPER 53509 53516 53514 53518 $FC  120.0
IMPROPER 53526 53537 53529 53531 $FC -120.0
DIHEDRAL 53561 53564 53566 53568 $FC  0.0
IMPROPER 53651 53662 53654 53656 $FC -120.0
DIHEDRAL 53686 53689 53691 53693 $FC  0.0
IMPROPER 53776 53787 53779 53781 $FC -120.0
DIHEDRAL 53811 53814 53816 53818 $FC  0.0
IMPROPER 53886 53893 53891 53895 $FC  120.0
IMPROPER 53903 53914 53906 53908 $FC -120.0
DIHEDRAL 53938 53941 53943 53945 $FC  0.0
IMPROPER 54028 54039 54031 54033 $FC -120.0
DIHEDRAL 54063 54066 54068 54070 $FC  0.0
IMPROPER 54153 54164 54156 54158 $FC -120.0
DIHEDRAL 54188 54191 54193 54195 $FC  0.0
IMPROPER 54263 54270 54268 54272 $FC  120.0
IMPROPER 54280 54291 54283 54285 $FC -120.0
DIHEDRAL 54315 54318 54320 54322 $FC  0.0
IMPROPER 54390 54397 54395 54399 $FC  120.0
IMPROPER 54407 54418 54410 54412 $FC -120.0
DIHEDRAL 54442 54445 54447 54449 $FC  0.0
IMPROPER 54517 54524 54522 54526 $FC  120.0
IMPROPER 54534 54545 54537 54539 $FC -120.0
DIHEDRAL 54569 54572 54574 54576 $FC  0.0
IMPROPER 54644 54651 54649 54653 $FC  120.0
IMPROPER 54661 54672 54664 54666 $FC -120.0
DIHEDRAL 54696 54699 54701 54703 $FC  0.0
IMPROPER 54771 54778 54776 54780 $FC  120.0
IMPROPER 54788 54799 54791 54793 $FC -120.0
DIHEDRAL 54823 54826 54828 54830 $FC  0.0
IMPROPER 54913 54924 54916 54918 $FC -120.0
DIHEDRAL 54948 54951 54953 54955 $FC  0.0
IMPROPER 55038 55049 55041 55043 $FC -120.0
DIHEDRAL 55073 55076 55078 55080 $FC  0.0
IMPROPER 55163 55174 55166 55168 $FC -120.0
DIHEDRAL 55198 55201 55203 55205 $FC  0.0
IMPROPER 55288 55299 55291 55293 $FC -120.0
DIHEDRAL 55323 55326 55328 55330 $FC  0.0
IMPROPER 55398 55405 55403 55407 $FC  120.0
IMPROPER 55415 55426 55418 55420 $FC -120.0
DIHEDRAL 55450 55453 55455 55457 $FC  0.0
IMPROPER 55525 55532 55530 55534 $FC  120.0
IMPROPER 55542 55553 55545 55547 $FC -120.0
DIHEDRAL 55577 55580 55582 55584 $FC  0.0
IMPROPER 55652 55659 55657 55661 $FC  120.0
IMPROPER 55669 55680 55672 55674 $FC -120.0
DIHEDRAL 55704 55707 55709 55711 $FC  0.0
IMPROPER 55779 55786 55784 55788 $FC  120.0
IMPROPER 55796 55807 55799 55801 $FC -120.0
DIHEDRAL 55831 55834 55836 55838 $FC  0.0
IMPROPER 55906 55913 55911 55915 $FC  120.0
IMPROPER 55923 55934 55926 55928 $FC -120.0
DIHEDRAL 55958 55961 55963 55965 $FC  0.0
IMPROPER 56048 56059 56051 56053 $FC -120.0
DIHEDRAL 56083 56086 56088 56090 $FC  0.0
IMPROPER 56173 56184 56176 56178 $FC -120.0
DIHEDRAL 56208 56211 56213 56215 $FC  0.0
IMPROPER 56298 56296 56294 56283 $FC  120.0
IMPROPER 56306 56311 56309 56317 $FC  120.0
IMPROPER 56291 56328 56326 56334 $FC  120.0
DIHEDRAL 56358 56361 56363 56365 $FC  0.0
DIHEDRAL 56405 56408 56410 56412 $FC  0.0
DIHEDRAL 56452 56455 56457 56459 $FC  0.0
DIHEDRAL 56499 56502 56504 56506 $FC  0.0
IMPROPER 56546 56544 56542 56531 $FC  120.0
IMPROPER 56554 56559 56557 56565 $FC  120.0
IMPROPER 56539 56576 56574 56582 $FC  120.0
DIHEDRAL 56606 56609 56611 56613 $FC  0.0
DIHEDRAL 56653 56656 56658 56660 $FC  0.0
DIHEDRAL 56700 56703 56705 56707 $FC  0.0
DIHEDRAL 56747 56750 56752 56754 $FC  0.0
IMPROPER 56794 56805 56797 56799 $FC -120.0
DIHEDRAL 56829 56832 56834 56836 $FC  0.0
IMPROPER 56904 56911 56909 56913 $FC  120.0
IMPROPER 56921 56932 56924 56926 $FC -120.0
DIHEDRAL 56956 56959 56961 56963 $FC  0.0
IMPROPER 57031 57038 57036 57040 $FC  120.0
IMPROPER 57048 57059 57051 57053 $FC -120.0
DIHEDRAL 57083 57086 57088 57090 $FC  0.0
IMPROPER 57173 57184 57176 57178 $FC -120.0
DIHEDRAL 57208 57211 57213 57215 $FC  0.0
IMPROPER 57283 57290 57288 57292 $FC  120.0
IMPROPER 57300 57311 57303 57305 $FC -120.0
DIHEDRAL 57335 57338 57340 57342 $FC  0.0
IMPROPER 57425 57436 57428 57430 $FC -120.0
DIHEDRAL 57460 57463 57465 57467 $FC  0.0
IMPROPER 57550 57561 57553 57555 $FC -120.0
DIHEDRAL 57585 57588 57590 57592 $FC  0.0
IMPROPER 57675 57686 57678 57680 $FC -120.0
DIHEDRAL 57710 57713 57715 57717 $FC  0.0
IMPROPER 57785 57792 57790 57794 $FC  120.0
IMPROPER 57802 57813 57805 57807 $FC -120.0
DIHEDRAL 57837 57840 57842 57844 $FC  0.0
IMPROPER 57912 57919 57917 57921 $FC  120.0
IMPROPER 57929 57940 57932 57934 $FC -120.0
DIHEDRAL 57964 57967 57969 57971 $FC  0.0
IMPROPER 58054 58065 58057 58059 $FC -120.0
DIHEDRAL 58089 58092 58094 58096 $FC  0.0
IMPROPER 58179 58190 58182 58184 $FC -120.0
DIHEDRAL 58214 58217 58219 58221 $FC  0.0
IMPROPER 58304 58315 58307 58309 $FC -120.0
DIHEDRAL 58339 58342 58344 58346 $FC  0.0
IMPROPER 58429 58440 58432 58434 $FC -120.0
DIHEDRAL 58464 58467 58469 58471 $FC  0.0
IMPROPER 58554 58565 58557 58559 $FC -120.0
DIHEDRAL 58589 58592 58594 58596 $FC  0.0
IMPROPER 58664 58671 58669 58673 $FC  120.0
IMPROPER 58681 58692 58684 58686 $FC -120.0
DIHEDRAL 58716 58719 58721 58723 $FC  0.0
IMPROPER 58806 58817 58809 58811 $FC -120.0
DIHEDRAL 58841 58844 58846 58848 $FC  0.0
IMPROPER 58931 58942 58934 58936 $FC -120.0
DIHEDRAL 58966 58969 58971 58973 $FC  0.0
IMPROPER 59056 59067 59059 59061 $FC -120.0
DIHEDRAL 59091 59094 59096 59098 $FC  0.0
IMPROPER 59181 59192 59184 59186 $FC -120.0
DIHEDRAL 59216 59219 59221 59223 $FC  0.0
IMPROPER 59291 59298 59296 59300 $FC  120.0
IMPROPER 59308 59319 59311 59313 $FC -120.0
DIHEDRAL 59343 59346 59348 59350 $FC  0.0
IMPROPER 59418 59425 59423 59427 $FC  120.0
IMPROPER 59435 59446 59438 59440 $FC -120.0
DIHEDRAL 59470 59473 59475 59477 $FC  0.0
IMPROPER 59545 59552 59550 59554 $FC  120.0
IMPROPER 59562 59573 59565 59567 $FC -120.0
DIHEDRAL 59597 59600 59602 59604 $FC  0.0
IMPROPER 59672 59679 59677 59681 $FC  120.0
IMPROPER 59689 59700 59692 59694 $FC -120.0
DIHEDRAL 59724 59727 59729 59731 $FC  0.0
IMPROPER 59799 59806 59804 59808 $FC  120.0
IMPROPER 59816 59827 59819 59821 $FC -120.0
DIHEDRAL 59851 59854 59856 59858 $FC  0.0
IMPROPER 59941 59952 59944 59946 $FC -120.0
DIHEDRAL 59976 59979 59981 59983 $FC  0.0
IMPROPER 60066 60077 60069 60071 $FC -120.0
DIHEDRAL 60101 60104 60106 60108 $FC  0.0
IMPROPER 60191 60202 60194 60196 $FC -120.0
DIHEDRAL 60226 60229 60231 60233 $FC  0.0
IMPROPER 60316 60327 60319 60321 $FC -120.0
DIHEDRAL 60351 60354 60356 60358 $FC  0.0
IMPROPER 60441 60452 60444 60446 $FC -120.0
DIHEDRAL 60476 60479 60481 60483 $FC  0.0
IMPROPER 60566 60577 60569 60571 $FC -120.0
DIHEDRAL 60601 60604 60606 60608 $FC  0.0
IMPROPER 60676 60683 60681 60685 $FC  120.0
IMPROPER 60693 60704 60696 60698 $FC -120.0
DIHEDRAL 60728 60731 60733 60735 $FC  0.0
IMPROPER 60818 60829 60821 60823 $FC -120.0
DIHEDRAL 60853 60856 60858 60860 $FC  0.0
IMPROPER 60928 60935 60933 60937 $FC  120.0
IMPROPER 60945 60956 60948 60950 $FC -120.0
DIHEDRAL 60980 60983 60985 60987 $FC  0.0
IMPROPER 61055 61062 61060 61064 $FC  120.0
IMPROPER 61072 61083 61075 61077 $FC -120.0
DIHEDRAL 61107 61110 61112 61114 $FC  0.0
IMPROPER 61197 61208 61200 61202 $FC -120.0
DIHEDRAL 61232 61235 61237 61239 $FC  0.0
IMPROPER 61322 61333 61325 61327 $FC -120.0
DIHEDRAL 61357 61360 61362 61364 $FC  0.0
IMPROPER 61432 61439 61437 61441 $FC  120.0
IMPROPER 61449 61460 61452 61454 $FC -120.0
DIHEDRAL 61484 61487 61489 61491 $FC  0.0
IMPROPER 61574 61585 61577 61579 $FC -120.0
DIHEDRAL 61609 61612 61614 61616 $FC  0.0
IMPROPER 61699 61710 61702 61704 $FC -120.0
DIHEDRAL 61734 61737 61739 61741 $FC  0.0
IMPROPER 61824 61822 61820 61809 $FC  120.0
IMPROPER 61832 61837 61835 61843 $FC  120.0
IMPROPER 61817 61854 61852 61860 $FC  120.0
DIHEDRAL 61884 61887 61889 61891 $FC  0.0
DIHEDRAL 61931 61934 61936 61938 $FC  0.0
DIHEDRAL 61978 61981 61983 61985 $FC  0.0
DIHEDRAL 62025 62028 62030 62032 $FC  0.0
IMPROPER 62072 62083 62075 62077 $FC -120.0
DIHEDRAL 62107 62110 62112 62114 $FC  0.0
IMPROPER 62182 62189 62187 62191 $FC  120.0
IMPROPER 62199 62210 62202 62204 $FC -120.0
DIHEDRAL 62234 62237 62239 62241 $FC  0.0
IMPROPER 62309 62316 62314 62318 $FC  120.0
IMPROPER 62326 62337 62329 62331 $FC -120.0
DIHEDRAL 62361 62364 62366 62368 $FC  0.0
IMPROPER 62451 62462 62454 62456 $FC -120.0
DIHEDRAL 62486 62489 62491 62493 $FC  0.0
IMPROPER 62561 62568 62566 62570 $FC  120.0
IMPROPER 62578 62589 62581 62583 $FC -120.0
DIHEDRAL 62613 62616 62618 62620 $FC  0.0
IMPROPER 62703 62714 62706 62708 $FC -120.0
DIHEDRAL 62738 62741 62743 62745 $FC  0.0
IMPROPER 62828 62839 62831 62833 $FC -120.0
DIHEDRAL 62863 62866 62868 62870 $FC  0.0
IMPROPER 62953 62964 62956 62958 $FC -120.0
DIHEDRAL 62988 62991 62993 62995 $FC  0.0
IMPROPER 63078 63089 63081 63083 $FC -120.0
DIHEDRAL 63113 63116 63118 63120 $FC  0.0
IMPROPER 63203 63201 63199 63188 $FC  120.0
IMPROPER 63211 63216 63214 63222 $FC  120.0
IMPROPER 63196 63233 63231 63239 $FC  120.0
DIHEDRAL 63263 63266 63268 63270 $FC  0.0
DIHEDRAL 63310 63313 63315 63317 $FC  0.0
DIHEDRAL 63357 63360 63362 63364 $FC  0.0
DIHEDRAL 63404 63407 63409 63411 $FC  0.0
IMPROPER 63451 63462 63454 63456 $FC -120.0
DIHEDRAL 63486 63489 63491 63493 $FC  0.0
IMPROPER 63576 63587 63579 63581 $FC -120.0
DIHEDRAL 63611 63614 63616 63618 $FC  0.0
IMPROPER 63686 63693 63691 63695 $FC  120.0
IMPROPER 63703 63714 63706 63708 $FC -120.0
DIHEDRAL 63738 63741 63743 63745 $FC  0.0
IMPROPER 63813 63820 63818 63822 $FC  120.0
IMPROPER 63830 63841 63833 63835 $FC -120.0
DIHEDRAL 63865 63868 63870 63872 $FC  0.0
IMPROPER 63940 63947 63945 63949 $FC  120.0
IMPROPER 63957 63968 63960 63962 $FC -120.0
DIHEDRAL 63992 63995 63997 63999 $FC  0.0
IMPROPER 64067 64074 64072 64076 $FC  120.0
IMPROPER 64084 64095 64087 64089 $FC -120.0
DIHEDRAL 64119 64122 64124 64126 $FC  0.0
IMPROPER 64209 64220 64212 64214 $FC -120.0
DIHEDRAL 64244 64247 64249 64251 $FC  0.0
IMPROPER 64334 64345 64337 64339 $FC -120.0
DIHEDRAL 64369 64372 64374 64376 $FC  0.0
IMPROPER 64444 64451 64449 64453 $FC  120.0
IMPROPER 64461 64472 64464 64466 $FC -120.0
DIHEDRAL 64496 64499 64501 64503 $FC  0.0
IMPROPER 64586 64597 64589 64591 $FC -120.0
DIHEDRAL 64621 64624 64626 64628 $FC  0.0
IMPROPER 64696 64703 64701 64705 $FC  120.0
IMPROPER 64713 64724 64716 64718 $FC -120.0
DIHEDRAL 64748 64751 64753 64755 $FC  0.0
IMPROPER 64823 64830 64828 64832 $FC  120.0
IMPROPER 64840 64851 64843 64845 $FC -120.0
DIHEDRAL 64875 64878 64880 64882 $FC  0.0
IMPROPER 64950 64957 64955 64959 $FC  120.0
IMPROPER 64967 64978 64970 64972 $FC -120.0
DIHEDRAL 65002 65005 65007 65009 $FC  0.0
IMPROPER 65092 65103 65095 65097 $FC -120.0
DIHEDRAL 65127 65130 65132 65134 $FC  0.0
IMPROPER 65202 65209 65207 65211 $FC  120.0
IMPROPER 65219 65230 65222 65224 $FC -120.0
DIHEDRAL 65254 65257 65259 65261 $FC  0.0
IMPROPER 65329 65336 65334 65338 $FC  120.0
IMPROPER 65346 65357 65349 65351 $FC -120.0
DIHEDRAL 65381 65384 65386 65388 $FC  0.0
IMPROPER 65471 65482 65474 65476 $FC -120.0
DIHEDRAL 65506 65509 65511 65513 $FC  0.0
IMPROPER 65581 65588 65586 65590 $FC  120.0
IMPROPER 65598 65609 65601 65603 $FC -120.0
DIHEDRAL 65633 65636 65638 65640 $FC  0.0
IMPROPER 65708 65715 65713 65717 $FC  120.0
IMPROPER 65725 65736 65728 65730 $FC -120.0
DIHEDRAL 65760 65763 65765 65767 $FC  0.0
IMPROPER 65835 65842 65840 65844 $FC  120.0
IMPROPER 65852 65863 65855 65857 $FC -120.0
DIHEDRAL 65887 65890 65892 65894 $FC  0.0
IMPROPER 65977 65988 65980 65982 $FC -120.0
DIHEDRAL 66012 66015 66017 66019 $FC  0.0
IMPROPER 66087 66094 66092 66096 $FC  120.0
IMPROPER 66104 66115 66107 66109 $FC -120.0
DIHEDRAL 66139 66142 66144 66146 $FC  0.0
IMPROPER 66214 66221 66219 66223 $FC  120.0
IMPROPER 66231 66242 66234 66236 $FC -120.0
DIHEDRAL 66266 66269 66271 66273 $FC  0.0
IMPROPER 66356 66367 66359 66361 $FC -120.0
DIHEDRAL 66391 66394 66396 66398 $FC  0.0
IMPROPER 66466 66473 66471 66475 $FC  120.0
IMPROPER 66483 66494 66486 66488 $FC -120.0
DIHEDRAL 66518 66521 66523 66525 $FC  0.0
IMPROPER 66608 66619 66611 66613 $FC -120.0
DIHEDRAL 66643 66646 66648 66650 $FC  0.0
IMPROPER 66733 66744 66736 66738 $FC -120.0
DIHEDRAL 66768 66771 66773 66775 $FC  0.0
IMPROPER 66858 66856 66854 66843 $FC  120.0
IMPROPER 66866 66871 66869 66877 $FC  120.0
IMPROPER 66851 66888 66886 66894 $FC  120.0
DIHEDRAL 66918 66921 66923 66925 $FC  0.0
DIHEDRAL 66965 66968 66970 66972 $FC  0.0
DIHEDRAL 67012 67015 67017 67019 $FC  0.0
DIHEDRAL 67059 67062 67064 67066 $FC  0.0
IMPROPER 67091 67098 67096 67100 $FC  120.0
IMPROPER 67108 67119 67111 67113 $FC -120.0
DIHEDRAL 67143 67146 67148 67150 $FC  0.0
IMPROPER 67218 67225 67223 67227 $FC  120.0
IMPROPER 67235 67246 67238 67240 $FC -120.0
DIHEDRAL 67270 67273 67275 67277 $FC  0.0
IMPROPER 67345 67352 67350 67354 $FC  120.0
IMPROPER 67362 67373 67365 67367 $FC -120.0
DIHEDRAL 67397 67400 67402 67404 $FC  0.0
IMPROPER 67472 67479 67477 67481 $FC  120.0
IMPROPER 67489 67500 67492 67494 $FC -120.0
DIHEDRAL 67524 67527 67529 67531 $FC  0.0
IMPROPER 67614 67625 67617 67619 $FC -120.0
DIHEDRAL 67649 67652 67654 67656 $FC  0.0
IMPROPER 67739 67750 67742 67744 $FC -120.0
DIHEDRAL 67774 67777 67779 67781 $FC  0.0
IMPROPER 67849 67856 67854 67858 $FC  120.0
IMPROPER 67866 67877 67869 67871 $FC -120.0
DIHEDRAL 67901 67904 67906 67908 $FC  0.0
IMPROPER 67976 67983 67981 67985 $FC  120.0
IMPROPER 67993 68004 67996 67998 $FC -120.0
DIHEDRAL 68028 68031 68033 68035 $FC  0.0
IMPROPER 68118 68116 68114 68103 $FC  120.0
IMPROPER 68126 68131 68129 68137 $FC  120.0
IMPROPER 68111 68148 68146 68154 $FC  120.0
DIHEDRAL 68178 68181 68183 68185 $FC  0.0
DIHEDRAL 68225 68228 68230 68232 $FC  0.0
DIHEDRAL 68272 68275 68277 68279 $FC  0.0
DIHEDRAL 68319 68322 68324 68326 $FC  0.0
IMPROPER 68366 68377 68369 68371 $FC -120.0
DIHEDRAL 68401 68404 68406 68408 $FC  0.0
IMPROPER 68491 68502 68494 68496 $FC -120.0
DIHEDRAL 68526 68529 68531 68533 $FC  0.0
IMPROPER 68616 68627 68619 68621 $FC -120.0
DIHEDRAL 68651 68654 68656 68658 $FC  0.0
IMPROPER 68741 68752 68744 68746 $FC -120.0
DIHEDRAL 68776 68779 68781 68783 $FC  0.0
IMPROPER 68866 68877 68869 68871 $FC -120.0
DIHEDRAL 68901 68904 68906 68908 $FC  0.0
IMPROPER 68976 68983 68981 68985 $FC  120.0
IMPROPER 68993 69004 68996 68998 $FC -120.0
DIHEDRAL 69028 69031 69033 69035 $FC  0.0
IMPROPER 69118 69129 69121 69123 $FC -120.0
DIHEDRAL 69153 69156 69158 69160 $FC  0.0
IMPROPER 69243 69254 69246 69248 $FC -120.0
DIHEDRAL 69278 69281 69283 69285 $FC  0.0
IMPROPER 69368 69379 69371 69373 $FC -120.0
DIHEDRAL 69403 69406 69408 69410 $FC  0.0
IMPROPER 69478 69485 69483 69487 $FC  120.0
IMPROPER 69495 69506 69498 69500 $FC -120.0
DIHEDRAL 69530 69533 69535 69537 $FC  0.0
IMPROPER 69605 69612 69610 69614 $FC  120.0
IMPROPER 69622 69633 69625 69627 $FC -120.0
DIHEDRAL 69657 69660 69662 69664 $FC  0.0
IMPROPER 69747 69758 69750 69752 $FC -120.0
DIHEDRAL 69782 69785 69787 69789 $FC  0.0
IMPROPER 69857 69864 69862 69866 $FC  120.0
IMPROPER 69874 69885 69877 69879 $FC -120.0
DIHEDRAL 69909 69912 69914 69916 $FC  0.0
IMPROPER 69999 70010 70002 70004 $FC -120.0
DIHEDRAL 70034 70037 70039 70041 $FC  0.0
IMPROPER 70124 70135 70127 70129 $FC -120.0
DIHEDRAL 70159 70162 70164 70166 $FC  0.0
IMPROPER 70234 70241 70239 70243 $FC  120.0
IMPROPER 70251 70262 70254 70256 $FC -120.0
DIHEDRAL 70286 70289 70291 70293 $FC  0.0
IMPROPER 70376 70387 70379 70381 $FC -120.0
DIHEDRAL 70411 70414 70416 70418 $FC  0.0
IMPROPER 70486 70493 70491 70495 $FC  120.0
IMPROPER 70503 70514 70506 70508 $FC -120.0
DIHEDRAL 70538 70541 70543 70545 $FC  0.0
IMPROPER 70628 70626 70624 70613 $FC  120.0
IMPROPER 70636 70641 70639 70647 $FC  120.0
IMPROPER 70621 70658 70656 70664 $FC  120.0
DIHEDRAL 70688 70691 70693 70695 $FC  0.0
DIHEDRAL 70735 70738 70740 70742 $FC  0.0
DIHEDRAL 70782 70785 70787 70789 $FC  0.0
DIHEDRAL 70829 70832 70834 70836 $FC  0.0
IMPROPER 70876 70887 70879 70881 $FC -120.0
DIHEDRAL 70911 70914 70916 70918 $FC  0.0
IMPROPER 71001 71012 71004 71006 $FC -120.0
DIHEDRAL 71036 71039 71041 71043 $FC  0.0
IMPROPER 71126 71137 71129 71131 $FC -120.0
DIHEDRAL 71161 71164 71166 71168 $FC  0.0
IMPROPER 71236 71243 71241 71245 $FC  120.0
IMPROPER 71253 71264 71256 71258 $FC -120.0
DIHEDRAL 71288 71291 71293 71295 $FC  0.0
IMPROPER 71378 71389 71381 71383 $FC -120.0
DIHEDRAL 71413 71416 71418 71420 $FC  0.0
IMPROPER 71503 71514 71506 71508 $FC -120.0
DIHEDRAL 71538 71541 71543 71545 $FC  0.0
IMPROPER 71628 71626 71624 71613 $FC  120.0
IMPROPER 71636 71641 71639 71647 $FC  120.0
IMPROPER 71621 71658 71656 71664 $FC  120.0
DIHEDRAL 71688 71691 71693 71695 $FC  0.0
DIHEDRAL 71735 71738 71740 71742 $FC  0.0
DIHEDRAL 71782 71785 71787 71789 $FC  0.0
DIHEDRAL 71829 71832 71834 71836 $FC  0.0
IMPROPER 71876 71887 71879 71881 $FC -120.0
DIHEDRAL 71911 71914 71916 71918 $FC  0.0
IMPROPER 72001 72012 72004 72006 $FC -120.0
DIHEDRAL 72036 72039 72041 72043 $FC  0.0
IMPROPER 72111 72118 72116 72120 $FC  120.0
IMPROPER 72128 72139 72131 72133 $FC -120.0
DIHEDRAL 72163 72166 72168 72170 $FC  0.0
IMPROPER 72253 72251 72249 72238 $FC  120.0
IMPROPER 72261 72266 72264 72272 $FC  120.0
IMPROPER 72246 72283 72281 72289 $FC  120.0
DIHEDRAL 72313 72316 72318 72320 $FC  0.0
DIHEDRAL 72360 72363 72365 72367 $FC  0.0
DIHEDRAL 72407 72410 72412 72414 $FC  0.0
DIHEDRAL 72454 72457 72459 72461 $FC  0.0
IMPROPER 72486 72493 72491 72495 $FC  120.0
IMPROPER 72503 72514 72506 72508 $FC -120.0
DIHEDRAL 72538 72541 72543 72545 $FC  0.0
IMPROPER 72613 72620 72618 72622 $FC  120.0
IMPROPER 72630 72641 72633 72635 $FC -120.0
DIHEDRAL 72665 72668 72670 72672 $FC  0.0
IMPROPER 72755 72766 72758 72760 $FC -120.0
DIHEDRAL 72790 72793 72795 72797 $FC  0.0
IMPROPER 72880 72891 72883 72885 $FC -120.0
DIHEDRAL 72915 72918 72920 72922 $FC  0.0
IMPROPER 73005 73016 73008 73010 $FC -120.0
DIHEDRAL 73040 73043 73045 73047 $FC  0.0
IMPROPER 73130 73141 73133 73135 $FC -120.0
DIHEDRAL 73165 73168 73170 73172 $FC  0.0
IMPROPER 73255 73266 73258 73260 $FC -120.0
DIHEDRAL 73290 73293 73295 73297 $FC  0.0
IMPROPER 73365 73372 73370 73374 $FC  120.0
IMPROPER 73382 73393 73385 73387 $FC -120.0
DIHEDRAL 73417 73420 73422 73424 $FC  0.0
IMPROPER 73492 73499 73497 73501 $FC  120.0
IMPROPER 73509 73520 73512 73514 $FC -120.0
DIHEDRAL 73544 73547 73549 73551 $FC  0.0
IMPROPER 73634 73645 73637 73639 $FC -120.0
DIHEDRAL 73669 73672 73674 73676 $FC  0.0
IMPROPER 73744 73751 73749 73753 $FC  120.0
IMPROPER 73761 73772 73764 73766 $FC -120.0
DIHEDRAL 73796 73799 73801 73803 $FC  0.0
IMPROPER 73871 73878 73876 73880 $FC  120.0
IMPROPER 73888 73899 73891 73893 $FC -120.0
DIHEDRAL 73923 73926 73928 73930 $FC  0.0
IMPROPER 73998 74005 74003 74007 $FC  120.0
IMPROPER 74015 74026 74018 74020 $FC -120.0
DIHEDRAL 74050 74053 74055 74057 $FC  0.0
IMPROPER 74140 74151 74143 74145 $FC -120.0
DIHEDRAL 74175 74178 74180 74182 $FC  0.0
IMPROPER 74265 74276 74268 74270 $FC -120.0
DIHEDRAL 74300 74303 74305 74307 $FC  0.0
IMPROPER 74375 74382 74380 74384 $FC  120.0
IMPROPER 74392 74403 74395 74397 $FC -120.0
DIHEDRAL 74427 74430 74432 74434 $FC  0.0
IMPROPER 74502 74509 74507 74511 $FC  120.0
IMPROPER 74519 74530 74522 74524 $FC -120.0
DIHEDRAL 74554 74557 74559 74561 $FC  0.0
IMPROPER 74644 74655 74647 74649 $FC -120.0
DIHEDRAL 74679 74682 74684 74686 $FC  0.0
IMPROPER 74754 74761 74759 74763 $FC  120.0
IMPROPER 74771 74782 74774 74776 $FC -120.0
DIHEDRAL 74806 74809 74811 74813 $FC  0.0
IMPROPER 74896 74907 74899 74901 $FC -120.0
DIHEDRAL 74931 74934 74936 74938 $FC  0.0
IMPROPER 75006 75013 75011 75015 $FC  120.0
IMPROPER 75023 75034 75026 75028 $FC -120.0
DIHEDRAL 75058 75061 75063 75065 $FC  0.0
IMPROPER 75148 75159 75151 75153 $FC -120.0
DIHEDRAL 75183 75186 75188 75190 $FC  0.0
IMPROPER 75273 75284 75276 75278 $FC -120.0
DIHEDRAL 75308 75311 75313 75315 $FC  0.0
IMPROPER 75383 75390 75388 75392 $FC  120.0
IMPROPER 75400 75411 75403 75405 $FC -120.0
DIHEDRAL 75435 75438 75440 75442 $FC  0.0
IMPROPER 75525 75536 75528 75530 $FC -120.0
DIHEDRAL 75560 75563 75565 75567 $FC  0.0
IMPROPER 75635 75642 75640 75644 $FC  120.0
IMPROPER 75652 75663 75655 75657 $FC -120.0
DIHEDRAL 75687 75690 75692 75694 $FC  0.0
IMPROPER 75762 75769 75767 75771 $FC  120.0
IMPROPER 75779 75790 75782 75784 $FC -120.0
DIHEDRAL 75814 75817 75819 75821 $FC  0.0
IMPROPER 75904 75902 75900 75889 $FC  120.0
IMPROPER 75912 75917 75915 75923 $FC  120.0
IMPROPER 75897 75934 75932 75940 $FC  120.0
DIHEDRAL 75964 75967 75969 75971 $FC  0.0
DIHEDRAL 76011 76014 76016 76018 $FC  0.0
DIHEDRAL 76058 76061 76063 76065 $FC  0.0
DIHEDRAL 76105 76108 76110 76112 $FC  0.0
IMPROPER 76137 76144 76142 76146 $FC  120.0
IMPROPER 76154 76165 76157 76159 $FC -120.0
DIHEDRAL 76189 76192 76194 76196 $FC  0.0
IMPROPER 76264 76271 76269 76273 $FC  120.0
IMPROPER 76281 76292 76284 76286 $FC -120.0
DIHEDRAL 76316 76319 76321 76323 $FC  0.0
IMPROPER 76406 76417 76409 76411 $FC -120.0
DIHEDRAL 76441 76444 76446 76448 $FC  0.0
IMPROPER 76531 76529 76527 76516 $FC  120.0
IMPROPER 76539 76544 76542 76550 $FC  120.0
IMPROPER 76524 76561 76559 76567 $FC  120.0
DIHEDRAL 76591 76594 76596 76598 $FC  0.0
DIHEDRAL 76638 76641 76643 76645 $FC  0.0
DIHEDRAL 76685 76688 76690 76692 $FC  0.0
DIHEDRAL 76732 76735 76737 76739 $FC  0.0
IMPROPER 76779 76777 76775 76764 $FC  120.0
IMPROPER 76787 76792 76790 76798 $FC  120.0
IMPROPER 76772 76809 76807 76815 $FC  120.0
DIHEDRAL 76839 76842 76844 76846 $FC  0.0
DIHEDRAL 76886 76889 76891 76893 $FC  0.0
DIHEDRAL 76933 76936 76938 76940 $FC  0.0
DIHEDRAL 76980 76983 76985 76987 $FC  0.0
IMPROPER 77027 77038 77030 77032 $FC -120.0
DIHEDRAL 77062 77065 77067 77069 $FC  0.0
IMPROPER 77152 77163 77155 77157 $FC -120.0
DIHEDRAL 77187 77190 77192 77194 $FC  0.0
IMPROPER 77262 77269 77267 77271 $FC  120.0
IMPROPER 77279 77290 77282 77284 $FC -120.0
DIHEDRAL 77314 77317 77319 77321 $FC  0.0
IMPROPER 77389 77396 77394 77398 $FC  120.0
IMPROPER 77406 77417 77409 77411 $FC -120.0
DIHEDRAL 77441 77444 77446 77448 $FC  0.0
IMPROPER 77531 77542 77534 77536 $FC -120.0
DIHEDRAL 77566 77569 77571 77573 $FC  0.0
IMPROPER 77656 77667 77659 77661 $FC -120.0
DIHEDRAL 77691 77694 77696 77698 $FC  0.0
IMPROPER 77781 77792 77784 77786 $FC -120.0
DIHEDRAL 77816 77819 77821 77823 $FC  0.0
IMPROPER 77891 77898 77896 77900 $FC  120.0
IMPROPER 77908 77919 77911 77913 $FC -120.0
DIHEDRAL 77943 77946 77948 77950 $FC  0.0
IMPROPER 78018 78025 78023 78027 $FC  120.0
IMPROPER 78035 78046 78038 78040 $FC -120.0
DIHEDRAL 78070 78073 78075 78077 $FC  0.0
IMPROPER 78160 78171 78163 78165 $FC -120.0
DIHEDRAL 78195 78198 78200 78202 $FC  0.0
IMPROPER 78270 78277 78275 78279 $FC  120.0
IMPROPER 78287 78298 78290 78292 $FC -120.0
DIHEDRAL 78322 78325 78327 78329 $FC  0.0
IMPROPER 78397 78404 78402 78406 $FC  120.0
IMPROPER 78414 78425 78417 78419 $FC -120.0
DIHEDRAL 78449 78452 78454 78456 $FC  0.0
IMPROPER 78524 78531 78529 78533 $FC  120.0
IMPROPER 78541 78552 78544 78546 $FC -120.0
DIHEDRAL 78576 78579 78581 78583 $FC  0.0
IMPROPER 78651 78658 78656 78660 $FC  120.0
IMPROPER 78668 78679 78671 78673 $FC -120.0
DIHEDRAL 78703 78706 78708 78710 $FC  0.0
IMPROPER 78793 78791 78789 78778 $FC  120.0
IMPROPER 78801 78806 78804 78812 $FC  120.0
IMPROPER 78786 78823 78821 78829 $FC  120.0
DIHEDRAL 78853 78856 78858 78860 $FC  0.0
DIHEDRAL 78900 78903 78905 78907 $FC  0.0
DIHEDRAL 78947 78950 78952 78954 $FC  0.0
DIHEDRAL 78994 78997 78999 79001 $FC  0.0
IMPROPER 79041 79052 79044 79046 $FC -120.0
DIHEDRAL 79076 79079 79081 79083 $FC  0.0
IMPROPER 79151 79158 79156 79160 $FC  120.0
IMPROPER 79168 79179 79171 79173 $FC -120.0
DIHEDRAL 79203 79206 79208 79210 $FC  0.0
IMPROPER 79278 79285 79283 79287 $FC  120.0
IMPROPER 79295 79306 79298 79300 $FC -120.0
DIHEDRAL 79330 79333 79335 79337 $FC  0.0
IMPROPER 79420 79431 79423 79425 $FC -120.0
DIHEDRAL 79455 79458 79460 79462 $FC  0.0
IMPROPER 79545 79543 79541 79530 $FC  120.0
IMPROPER 79553 79558 79556 79564 $FC  120.0
IMPROPER 79538 79575 79573 79581 $FC  120.0
DIHEDRAL 79605 79608 79610 79612 $FC  0.0
DIHEDRAL 79652 79655 79657 79659 $FC  0.0
DIHEDRAL 79699 79702 79704 79706 $FC  0.0
DIHEDRAL 79746 79749 79751 79753 $FC  0.0
IMPROPER 79793 79804 79796 79798 $FC -120.0
DIHEDRAL 79828 79831 79833 79835 $FC  0.0
IMPROPER 79903 79910 79908 79912 $FC  120.0
IMPROPER 79920 79931 79923 79925 $FC -120.0
DIHEDRAL 79955 79958 79960 79962 $FC  0.0
IMPROPER 80045 80056 80048 80050 $FC -120.0
DIHEDRAL 80080 80083 80085 80087 $FC  0.0
IMPROPER 80170 80181 80173 80175 $FC -120.0
DIHEDRAL 80205 80208 80210 80212 $FC  0.0
IMPROPER 80280 80287 80285 80289 $FC  120.0
IMPROPER 80297 80308 80300 80302 $FC -120.0
DIHEDRAL 80332 80335 80337 80339 $FC  0.0
IMPROPER 80407 80414 80412 80416 $FC  120.0
IMPROPER 80424 80435 80427 80429 $FC -120.0
DIHEDRAL 80459 80462 80464 80466 $FC  0.0
IMPROPER 80534 80541 80539 80543 $FC  120.0
IMPROPER 80551 80562 80554 80556 $FC -120.0
DIHEDRAL 80586 80589 80591 80593 $FC  0.0
IMPROPER 80676 80687 80679 80681 $FC -120.0
DIHEDRAL 80711 80714 80716 80718 $FC  0.0
IMPROPER 80801 80812 80804 80806 $FC -120.0
DIHEDRAL 80836 80839 80841 80843 $FC  0.0
IMPROPER 80926 80937 80929 80931 $FC -120.0
DIHEDRAL 80961 80964 80966 80968 $FC  0.0
IMPROPER 81051 81062 81054 81056 $FC -120.0
DIHEDRAL 81086 81089 81091 81093 $FC  0.0
IMPROPER 81176 81187 81179 81181 $FC -120.0
DIHEDRAL 81211 81214 81216 81218 $FC  0.0
IMPROPER 81286 81293 81291 81295 $FC  120.0
IMPROPER 81303 81314 81306 81308 $FC -120.0
DIHEDRAL 81338 81341 81343 81345 $FC  0.0
IMPROPER 81428 81439 81431 81433 $FC -120.0
DIHEDRAL 81463 81466 81468 81470 $FC  0.0
IMPROPER 81553 81564 81556 81558 $FC -120.0
DIHEDRAL 81588 81591 81593 81595 $FC  0.0
IMPROPER 81663 81670 81668 81672 $FC  120.0
IMPROPER 81680 81691 81683 81685 $FC -120.0
DIHEDRAL 81715 81718 81720 81722 $FC  0.0
IMPROPER 81805 81816 81808 81810 $FC -120.0
DIHEDRAL 81840 81843 81845 81847 $FC  0.0
IMPROPER 81915 81922 81920 81924 $FC  120.0
IMPROPER 81932 81943 81935 81937 $FC -120.0
DIHEDRAL 81967 81970 81972 81974 $FC  0.0
IMPROPER 82057 82068 82060 82062 $FC -120.0
DIHEDRAL 82092 82095 82097 82099 $FC  0.0
IMPROPER 82167 82174 82172 82176 $FC  120.0
IMPROPER 82184 82195 82187 82189 $FC -120.0
DIHEDRAL 82219 82222 82224 82226 $FC  0.0
IMPROPER 82309 82307 82305 82294 $FC  120.0
IMPROPER 82317 82322 82320 82328 $FC  120.0
IMPROPER 82302 82339 82337 82345 $FC  120.0
DIHEDRAL 82369 82372 82374 82376 $FC  0.0
DIHEDRAL 82416 82419 82421 82423 $FC  0.0
DIHEDRAL 82463 82466 82468 82470 $FC  0.0
DIHEDRAL 82510 82513 82515 82517 $FC  0.0
IMPROPER 82557 82555 82553 82542 $FC  120.0
IMPROPER 82565 82570 82568 82576 $FC  120.0
IMPROPER 82550 82587 82585 82593 $FC  120.0
DIHEDRAL 82617 82620 82622 82624 $FC  0.0
DIHEDRAL 82664 82667 82669 82671 $FC  0.0
DIHEDRAL 82711 82714 82716 82718 $FC  0.0
DIHEDRAL 82758 82761 82763 82765 $FC  0.0
IMPROPER 82790 82797 82795 82799 $FC  120.0
IMPROPER 82807 82818 82810 82812 $FC -120.0
DIHEDRAL 82842 82845 82847 82849 $FC  0.0
IMPROPER 82932 82930 82928 82917 $FC  120.0
IMPROPER 82940 82945 82943 82951 $FC  120.0
IMPROPER 82925 82962 82960 82968 $FC  120.0
DIHEDRAL 82992 82995 82997 82999 $FC  0.0
DIHEDRAL 83039 83042 83044 83046 $FC  0.0
DIHEDRAL 83086 83089 83091 83093 $FC  0.0
DIHEDRAL 83133 83136 83138 83140 $FC  0.0
IMPROPER 83180 83191 83183 83185 $FC -120.0
DIHEDRAL 83215 83218 83220 83222 $FC  0.0
IMPROPER 83305 83316 83308 83310 $FC -120.0
DIHEDRAL 83340 83343 83345 83347 $FC  0.0
IMPROPER 83415 83422 83420 83424 $FC  120.0
IMPROPER 83432 83443 83435 83437 $FC -120.0
DIHEDRAL 83467 83470 83472 83474 $FC  0.0
IMPROPER 83557 83568 83560 83562 $FC -120.0
DIHEDRAL 83592 83595 83597 83599 $FC  0.0
IMPROPER 83667 83674 83672 83676 $FC  120.0
IMPROPER 83684 83695 83687 83689 $FC -120.0
DIHEDRAL 83719 83722 83724 83726 $FC  0.0
IMPROPER 83794 83801 83799 83803 $FC  120.0
IMPROPER 83811 83822 83814 83816 $FC -120.0
DIHEDRAL 83846 83849 83851 83853 $FC  0.0
IMPROPER 83936 83947 83939 83941 $FC -120.0
DIHEDRAL 83971 83974 83976 83978 $FC  0.0
IMPROPER 84046 84053 84051 84055 $FC  120.0
IMPROPER 84063 84074 84066 84068 $FC -120.0
DIHEDRAL 84098 84101 84103 84105 $FC  0.0
IMPROPER 84173 84180 84178 84182 $FC  120.0
IMPROPER 84190 84201 84193 84195 $FC -120.0
DIHEDRAL 84225 84228 84230 84232 $FC  0.0
IMPROPER 84300 84307 84305 84309 $FC  120.0
IMPROPER 84317 84328 84320 84322 $FC -120.0
DIHEDRAL 84352 84355 84357 84359 $FC  0.0
IMPROPER 84427 84434 84432 84436 $FC  120.0
IMPROPER 84444 84455 84447 84449 $FC -120.0
DIHEDRAL 84479 84482 84484 84486 $FC  0.0
IMPROPER 84569 84580 84572 84574 $FC -120.0
DIHEDRAL 84604 84607 84609 84611 $FC  0.0
IMPROPER 84694 84692 84690 84679 $FC  120.0
IMPROPER 84702 84707 84705 84713 $FC  120.0
IMPROPER 84687 84724 84722 84730 $FC  120.0
DIHEDRAL 84754 84757 84759 84761 $FC  0.0
DIHEDRAL 84801 84804 84806 84808 $FC  0.0
DIHEDRAL 84848 84851 84853 84855 $FC  0.0
DIHEDRAL 84895 84898 84900 84902 $FC  0.0
IMPROPER 84942 84953 84945 84947 $FC -120.0
DIHEDRAL 84977 84980 84982 84984 $FC  0.0
IMPROPER 85052 85059 85057 85061 $FC  120.0
IMPROPER 85069 85080 85072 85074 $FC -120.0
DIHEDRAL 85104 85107 85109 85111 $FC  0.0
IMPROPER 85194 85205 85197 85199 $FC -120.0
DIHEDRAL 85229 85232 85234 85236 $FC  0.0
IMPROPER 85319 85330 85322 85324 $FC -120.0
DIHEDRAL 85354 85357 85359 85361 $FC  0.0
IMPROPER 85444 85442 85440 85429 $FC  120.0
IMPROPER 85452 85457 85455 85463 $FC  120.0
IMPROPER 85437 85474 85472 85480 $FC  120.0
DIHEDRAL 85504 85507 85509 85511 $FC  0.0
DIHEDRAL 85551 85554 85556 85558 $FC  0.0
DIHEDRAL 85598 85601 85603 85605 $FC  0.0
DIHEDRAL 85645 85648 85650 85652 $FC  0.0
IMPROPER 85677 85684 85682 85686 $FC  120.0
IMPROPER 85694 85705 85697 85699 $FC -120.0
DIHEDRAL 85729 85732 85734 85736 $FC  0.0
IMPROPER 85819 85830 85822 85824 $FC -120.0
DIHEDRAL 85854 85857 85859 85861 $FC  0.0
IMPROPER 85944 85955 85947 85949 $FC -120.0
DIHEDRAL 85979 85982 85984 85986 $FC  0.0
IMPROPER 86069 86080 86072 86074 $FC -120.0
DIHEDRAL 86104 86107 86109 86111 $FC  0.0
IMPROPER 86194 86192 86190 86179 $FC  120.0
IMPROPER 86202 86207 86205 86213 $FC  120.0
IMPROPER 86187 86224 86222 86230 $FC  120.0
DIHEDRAL 86254 86257 86259 86261 $FC  0.0
DIHEDRAL 86301 86304 86306 86308 $FC  0.0
DIHEDRAL 86348 86351 86353 86355 $FC  0.0
DIHEDRAL 86395 86398 86400 86402 $FC  0.0
IMPROPER 86442 86440 86438 86427 $FC  120.0
IMPROPER 86450 86455 86453 86461 $FC  120.0
IMPROPER 86435 86472 86470 86478 $FC  120.0
DIHEDRAL 86502 86505 86507 86509 $FC  0.0
DIHEDRAL 86549 86552 86554 86556 $FC  0.0
DIHEDRAL 86596 86599 86601 86603 $FC  0.0
DIHEDRAL 86643 86646 86648 86650 $FC  0.0
IMPROPER 86690 86701 86693 86695 $FC -120.0
DIHEDRAL 86725 86728 86730 86732 $FC  0.0
IMPROPER 86815 86826 86818 86820 $FC -120.0
DIHEDRAL 86850 86853 86855 86857 $FC  0.0
IMPROPER 86940 86951 86943 86945 $FC -120.0
DIHEDRAL 86975 86978 86980 86982 $FC  0.0
IMPROPER 87065 87076 87068 87070 $FC -120.0
DIHEDRAL 87100 87103 87105 87107 $FC  0.0
IMPROPER 87175 87182 87180 87184 $FC  120.0
IMPROPER 87192 87203 87195 87197 $FC -120.0
DIHEDRAL 87227 87230 87232 87234 $FC  0.0
IMPROPER 87317 87328 87320 87322 $FC -120.0
DIHEDRAL 87352 87355 87357 87359 $FC  0.0
IMPROPER 87442 87453 87445 87447 $FC -120.0
DIHEDRAL 87477 87480 87482 87484 $FC  0.0
IMPROPER 87552 87559 87557 87561 $FC  120.0
IMPROPER 87569 87580 87572 87574 $FC -120.0
DIHEDRAL 87604 87607 87609 87611 $FC  0.0
IMPROPER 87694 87705 87697 87699 $FC -120.0
DIHEDRAL 87729 87732 87734 87736 $FC  0.0
IMPROPER 87804 87811 87809 87813 $FC  120.0
IMPROPER 87821 87832 87824 87826 $FC -120.0
DIHEDRAL 87856 87859 87861 87863 $FC  0.0
IMPROPER 87946 87957 87949 87951 $FC -120.0
DIHEDRAL 87981 87984 87986 87988 $FC  0.0
IMPROPER 88056 88063 88061 88065 $FC  120.0
IMPROPER 88073 88084 88076 88078 $FC -120.0
DIHEDRAL 88108 88111 88113 88115 $FC  0.0
IMPROPER 88183 88190 88188 88192 $FC  120.0
IMPROPER 88200 88211 88203 88205 $FC -120.0
DIHEDRAL 88235 88238 88240 88242 $FC  0.0
IMPROPER 88325 88336 88328 88330 $FC -120.0
DIHEDRAL 88360 88363 88365 88367 $FC  0.0
IMPROPER 88450 88461 88453 88455 $FC -120.0
DIHEDRAL 88485 88488 88490 88492 $FC  0.0
IMPROPER 88560 88567 88565 88569 $FC  120.0
IMPROPER 88577 88588 88580 88582 $FC -120.0
DIHEDRAL 88612 88615 88617 88619 $FC  0.0
IMPROPER 88702 88713 88705 88707 $FC -120.0
DIHEDRAL 88737 88740 88742 88744 $FC  0.0
IMPROPER 88812 88819 88817 88821 $FC  120.0
IMPROPER 88829 88840 88832 88834 $FC -120.0
DIHEDRAL 88864 88867 88869 88871 $FC  0.0
IMPROPER 88954 88965 88957 88959 $FC -120.0
DIHEDRAL 88989 88992 88994 88996 $FC  0.0
IMPROPER 89064 89071 89069 89073 $FC  120.0
IMPROPER 89081 89092 89084 89086 $FC -120.0
DIHEDRAL 89116 89119 89121 89123 $FC  0.0
IMPROPER 89206 89217 89209 89211 $FC -120.0
DIHEDRAL 89241 89244 89246 89248 $FC  0.0
IMPROPER 89331 89342 89334 89336 $FC -120.0
DIHEDRAL 89366 89369 89371 89373 $FC  0.0
IMPROPER 89441 89448 89446 89450 $FC  120.0
IMPROPER 89458 89469 89461 89463 $FC -120.0
DIHEDRAL 89493 89496 89498 89500 $FC  0.0
IMPROPER 89568 89575 89573 89577 $FC  120.0
IMPROPER 89585 89596 89588 89590 $FC -120.0
DIHEDRAL 89620 89623 89625 89627 $FC  0.0
IMPROPER 89710 89721 89713 89715 $FC -120.0
DIHEDRAL 89745 89748 89750 89752 $FC  0.0
IMPROPER 89820 89827 89825 89829 $FC  120.0
IMPROPER 89837 89848 89840 89842 $FC -120.0
DIHEDRAL 89872 89875 89877 89879 $FC  0.0
IMPROPER 89947 89954 89952 89956 $FC  120.0
IMPROPER 89964 89975 89967 89969 $FC -120.0
DIHEDRAL 89999 90002 90004 90006 $FC  0.0
IMPROPER 90089 90100 90092 90094 $FC -120.0
DIHEDRAL 90124 90127 90129 90131 $FC  0.0
IMPROPER 90214 90225 90217 90219 $FC -120.0
DIHEDRAL 90249 90252 90254 90256 $FC  0.0
IMPROPER 90339 90350 90342 90344 $FC -120.0
DIHEDRAL 90374 90377 90379 90381 $FC  0.0
IMPROPER 90464 90475 90467 90469 $FC -120.0
DIHEDRAL 90499 90502 90504 90506 $FC  0.0
IMPROPER 90589 90587 90585 90574 $FC  120.0
IMPROPER 90597 90602 90600 90608 $FC  120.0
IMPROPER 90582 90619 90617 90625 $FC  120.0
DIHEDRAL 90649 90652 90654 90656 $FC  0.0
DIHEDRAL 90696 90699 90701 90703 $FC  0.0
DIHEDRAL 90743 90746 90748 90750 $FC  0.0
DIHEDRAL 90790 90793 90795 90797 $FC  0.0
IMPROPER 90837 90848 90840 90842 $FC -120.0
DIHEDRAL 90872 90875 90877 90879 $FC  0.0
IMPROPER 90962 90973 90965 90967 $FC -120.0
DIHEDRAL 90997 91000 91002 91004 $FC  0.0
IMPROPER 91087 91098 91090 91092 $FC -120.0
DIHEDRAL 91122 91125 91127 91129 $FC  0.0
IMPROPER 91212 91223 91215 91217 $FC -120.0
DIHEDRAL 91247 91250 91252 91254 $FC  0.0
IMPROPER 91337 91348 91340 91342 $FC -120.0
DIHEDRAL 91372 91375 91377 91379 $FC  0.0
IMPROPER 91462 91473 91465 91467 $FC -120.0
DIHEDRAL 91497 91500 91502 91504 $FC  0.0
IMPROPER 91572 91579 91577 91581 $FC  120.0
IMPROPER 91589 91600 91592 91594 $FC -120.0
DIHEDRAL 91624 91627 91629 91631 $FC  0.0
IMPROPER 91714 91725 91717 91719 $FC -120.0
DIHEDRAL 91749 91752 91754 91756 $FC  0.0
IMPROPER 91824 91831 91829 91833 $FC  120.0
IMPROPER 91841 91852 91844 91846 $FC -120.0
DIHEDRAL 91876 91879 91881 91883 $FC  0.0
IMPROPER 91966 91977 91969 91971 $FC -120.0
DIHEDRAL 92001 92004 92006 92008 $FC  0.0
IMPROPER 92076 92083 92081 92085 $FC  120.0
IMPROPER 92093 92104 92096 92098 $FC -120.0
DIHEDRAL 92128 92131 92133 92135 $FC  0.0
IMPROPER 92203 92210 92208 92212 $FC  120.0
IMPROPER 92220 92231 92223 92225 $FC -120.0
DIHEDRAL 92255 92258 92260 92262 $FC  0.0
IMPROPER 92330 92337 92335 92339 $FC  120.0
IMPROPER 92347 92358 92350 92352 $FC -120.0
DIHEDRAL 92382 92385 92387 92389 $FC  0.0
IMPROPER 92472 92483 92475 92477 $FC -120.0
DIHEDRAL 92507 92510 92512 92514 $FC  0.0
IMPROPER 92597 92595 92593 92582 $FC  120.0
IMPROPER 92605 92610 92608 92616 $FC  120.0
IMPROPER 92590 92627 92625 92633 $FC  120.0
DIHEDRAL 92657 92660 92662 92664 $FC  0.0
DIHEDRAL 92704 92707 92709 92711 $FC  0.0
DIHEDRAL 92751 92754 92756 92758 $FC  0.0
DIHEDRAL 92798 92801 92803 92805 $FC  0.0
IMPROPER 92845 92856 92848 92850 $FC -120.0
DIHEDRAL 92880 92883 92885 92887 $FC  0.0
IMPROPER 92970 92981 92973 92975 $FC -120.0
DIHEDRAL 93005 93008 93010 93012 $FC  0.0
IMPROPER 93080 93087 93085 93089 $FC  120.0
IMPROPER 93097 93108 93100 93102 $FC -120.0
DIHEDRAL 93132 93135 93137 93139 $FC  0.0
IMPROPER 93222 93233 93225 93227 $FC -120.0
DIHEDRAL 93257 93260 93262 93264 $FC  0.0
IMPROPER 93332 93339 93337 93341 $FC  120.0
IMPROPER 93349 93360 93352 93354 $FC -120.0
DIHEDRAL 93384 93387 93389 93391 $FC  0.0
IMPROPER 93474 93485 93477 93479 $FC -120.0
DIHEDRAL 93509 93512 93514 93516 $FC  0.0
IMPROPER 93599 93610 93602 93604 $FC -120.0
DIHEDRAL 93634 93637 93639 93641 $FC  0.0
IMPROPER 93709 93716 93714 93718 $FC  120.0
IMPROPER 93726 93737 93729 93731 $FC -120.0
DIHEDRAL 93761 93764 93766 93768 $FC  0.0
IMPROPER 93851 93862 93854 93856 $FC -120.0
DIHEDRAL 93886 93889 93891 93893 $FC  0.0
IMPROPER 93976 93987 93979 93981 $FC -120.0
DIHEDRAL 94011 94014 94016 94018 $FC  0.0
IMPROPER 94086 94093 94091 94095 $FC  120.0
IMPROPER 94103 94114 94106 94108 $FC -120.0
DIHEDRAL 94138 94141 94143 94145 $FC  0.0
IMPROPER 94228 94239 94231 94233 $FC -120.0
DIHEDRAL 94263 94266 94268 94270 $FC  0.0
IMPROPER 94353 94351 94349 94338 $FC  120.0
IMPROPER 94361 94366 94364 94372 $FC  120.0
IMPROPER 94346 94383 94381 94389 $FC  120.0
DIHEDRAL 94413 94416 94418 94420 $FC  0.0
DIHEDRAL 94460 94463 94465 94467 $FC  0.0
DIHEDRAL 94507 94510 94512 94514 $FC  0.0
DIHEDRAL 94554 94557 94559 94561 $FC  0.0
IMPROPER 94586 94593 94591 94595 $FC  120.0
IMPROPER 94603 94614 94606 94608 $FC -120.0
DIHEDRAL 94638 94641 94643 94645 $FC  0.0
IMPROPER 94713 94720 94718 94722 $FC  120.0
IMPROPER 94730 94741 94733 94735 $FC -120.0
DIHEDRAL 94765 94768 94770 94772 $FC  0.0
IMPROPER 94840 94847 94845 94849 $FC  120.0
IMPROPER 94857 94868 94860 94862 $FC -120.0
DIHEDRAL 94892 94895 94897 94899 $FC  0.0
IMPROPER 94982 94993 94985 94987 $FC -120.0
DIHEDRAL 95017 95020 95022 95024 $FC  0.0
IMPROPER 95092 95099 95097 95101 $FC  120.0
IMPROPER 95109 95120 95112 95114 $FC -120.0
DIHEDRAL 95144 95147 95149 95151 $FC  0.0
IMPROPER 95234 95245 95237 95239 $FC -120.0
DIHEDRAL 95269 95272 95274 95276 $FC  0.0
IMPROPER 95359 95370 95362 95364 $FC -120.0
DIHEDRAL 95394 95397 95399 95401 $FC  0.0
IMPROPER 95484 95495 95487 95489 $FC -120.0
DIHEDRAL 95519 95522 95524 95526 $FC  0.0
IMPROPER 95594 95601 95599 95603 $FC  120.0
IMPROPER 95611 95622 95614 95616 $FC -120.0
DIHEDRAL 95646 95649 95651 95653 $FC  0.0
IMPROPER 95721 95728 95726 95730 $FC  120.0
IMPROPER 95738 95749 95741 95743 $FC -120.0
DIHEDRAL 95773 95776 95778 95780 $FC  0.0
IMPROPER 95848 95855 95853 95857 $FC  120.0
IMPROPER 95865 95876 95868 95870 $FC -120.0
DIHEDRAL 95900 95903 95905 95907 $FC  0.0
IMPROPER 95975 95982 95980 95984 $FC  120.0
IMPROPER 95992 96003 95995 95997 $FC -120.0
DIHEDRAL 96027 96030 96032 96034 $FC  0.0
IMPROPER 96102 96109 96107 96111 $FC  120.0
IMPROPER 96119 96130 96122 96124 $FC -120.0
DIHEDRAL 96154 96157 96159 96161 $FC  0.0
IMPROPER 96244 96242 96240 96229 $FC  120.0
IMPROPER 96252 96257 96255 96263 $FC  120.0
IMPROPER 96237 96274 96272 96280 $FC  120.0
DIHEDRAL 96304 96307 96309 96311 $FC  0.0
DIHEDRAL 96351 96354 96356 96358 $FC  0.0
DIHEDRAL 96398 96401 96403 96405 $FC  0.0
DIHEDRAL 96445 96448 96450 96452 $FC  0.0
IMPROPER 96492 96503 96495 96497 $FC -120.0
DIHEDRAL 96527 96530 96532 96534 $FC  0.0
IMPROPER 96602 96609 96607 96611 $FC  120.0
IMPROPER 96619 96630 96622 96624 $FC -120.0
DIHEDRAL 96654 96657 96659 96661 $FC  0.0
IMPROPER 96729 96736 96734 96738 $FC  120.0
IMPROPER 96746 96757 96749 96751 $FC -120.0
DIHEDRAL 96781 96784 96786 96788 $FC  0.0
IMPROPER 96856 96863 96861 96865 $FC  120.0
IMPROPER 96873 96884 96876 96878 $FC -120.0
DIHEDRAL 96908 96911 96913 96915 $FC  0.0
IMPROPER 96998 97009 97001 97003 $FC -120.0
DIHEDRAL 97033 97036 97038 97040 $FC  0.0
IMPROPER 97108 97115 97113 97117 $FC  120.0
IMPROPER 97125 97136 97128 97130 $FC -120.0
DIHEDRAL 97160 97163 97165 97167 $FC  0.0
IMPROPER 97250 97261 97253 97255 $FC -120.0
DIHEDRAL 97285 97288 97290 97292 $FC  0.0
IMPROPER 97360 97367 97365 97369 $FC  120.0
IMPROPER 97377 97388 97380 97382 $FC -120.0
DIHEDRAL 97412 97415 97417 97419 $FC  0.0
IMPROPER 97502 97513 97505 97507 $FC -120.0
DIHEDRAL 97537 97540 97542 97544 $FC  0.0
IMPROPER 97612 97619 97617 97621 $FC  120.0
IMPROPER 97629 97640 97632 97634 $FC -120.0
DIHEDRAL 97664 97667 97669 97671 $FC  0.0
IMPROPER 97739 97746 97744 97748 $FC  120.0
IMPROPER 97756 97767 97759 97761 $FC -120.0
DIHEDRAL 97791 97794 97796 97798 $FC  0.0
IMPROPER 97866 97873 97871 97875 $FC  120.0
IMPROPER 97883 97894 97886 97888 $FC -120.0
DIHEDRAL 97918 97921 97923 97925 $FC  0.0
IMPROPER 98008 98006 98004 97993 $FC  120.0
IMPROPER 98016 98021 98019 98027 $FC  120.0
IMPROPER 98001 98038 98036 98044 $FC  120.0
DIHEDRAL 98068 98071 98073 98075 $FC  0.0
DIHEDRAL 98115 98118 98120 98122 $FC  0.0
DIHEDRAL 98162 98165 98167 98169 $FC  0.0
DIHEDRAL 98209 98212 98214 98216 $FC  0.0
IMPROPER 98241 98248 98246 98250 $FC  120.0
IMPROPER 98258 98269 98261 98263 $FC -120.0
DIHEDRAL 98293 98296 98298 98300 $FC  0.0
IMPROPER 98368 98375 98373 98377 $FC  120.0
IMPROPER 98385 98396 98388 98390 $FC -120.0
DIHEDRAL 98420 98423 98425 98427 $FC  0.0
IMPROPER 98495 98502 98500 98504 $FC  120.0
IMPROPER 98512 98523 98515 98517 $FC -120.0
DIHEDRAL 98547 98550 98552 98554 $FC  0.0
IMPROPER 98622 98629 98627 98631 $FC  120.0
IMPROPER 98639 98650 98642 98644 $FC -120.0
DIHEDRAL 98674 98677 98679 98681 $FC  0.0
IMPROPER 98749 98756 98754 98758 $FC  120.0
IMPROPER 98766 98777 98769 98771 $FC -120.0
DIHEDRAL 98801 98804 98806 98808 $FC  0.0
IMPROPER 98891 98902 98894 98896 $FC -120.0
DIHEDRAL 98926 98929 98931 98933 $FC  0.0
IMPROPER 99016 99027 99019 99021 $FC -120.0
DIHEDRAL 99051 99054 99056 99058 $FC  0.0
IMPROPER 99126 99133 99131 99135 $FC  120.0
IMPROPER 99143 99154 99146 99148 $FC -120.0
DIHEDRAL 99178 99181 99183 99185 $FC  0.0
IMPROPER 99268 99279 99271 99273 $FC -120.0
DIHEDRAL 99303 99306 99308 99310 $FC  0.0
IMPROPER 99378 99385 99383 99387 $FC  120.0
IMPROPER 99395 99406 99398 99400 $FC -120.0
DIHEDRAL 99430 99433 99435 99437 $FC  0.0
IMPROPER 99520 99531 99523 99525 $FC -120.0
DIHEDRAL 99555 99558 99560 99562 $FC  0.0
IMPROPER 99630 99637 99635 99639 $FC  120.0
IMPROPER 99647 99658 99650 99652 $FC -120.0
DIHEDRAL 99682 99685 99687 99689 $FC  0.0
IMPROPER 99757 99764 99762 99766 $FC  120.0
IMPROPER 99774 99785 99777 99779 $FC -120.0
DIHEDRAL 99809 99812 99814 99816 $FC  0.0
IMPROPER 99899 99910 99902 99904 $FC -120.0
DIHEDRAL 99934 99937 99939 99941 $FC  0.0
IMPROPER 100024 100035 100027 100029 $FC -120.0
DIHEDRAL 100059 100062 100064 100066 $FC  0.0
IMPROPER 100134 100141 100139 100143 $FC  120.0
IMPROPER 100151 100162 100154 100156 $FC -120.0
DIHEDRAL 100186 100189 100191 100193 $FC  0.0
IMPROPER 100276 100274 100272 100261 $FC  120.0
IMPROPER 100284 100289 100287 100295 $FC  120.0
IMPROPER 100269 100306 100304 100312 $FC  120.0
DIHEDRAL 100336 100339 100341 100343 $FC  0.0
DIHEDRAL 100383 100386 100388 100390 $FC  0.0
DIHEDRAL 100430 100433 100435 100437 $FC  0.0
DIHEDRAL 100477 100480 100482 100484 $FC  0.0
IMPROPER 100524 100522 100520 100509 $FC  120.0
IMPROPER 100532 100537 100535 100543 $FC  120.0
IMPROPER 100517 100554 100552 100560 $FC  120.0
DIHEDRAL 100584 100587 100589 100591 $FC  0.0
DIHEDRAL 100631 100634 100636 100638 $FC  0.0
DIHEDRAL 100678 100681 100683 100685 $FC  0.0
DIHEDRAL 100725 100728 100730 100732 $FC  0.0
IMPROPER 100772 100783 100775 100777 $FC -120.0
DIHEDRAL 100807 100810 100812 100814 $FC  0.0
IMPROPER 100897 100895 100893 100882 $FC  120.0
IMPROPER 100905 100910 100908 100916 $FC  120.0
IMPROPER 100890 100927 100925 100933 $FC  120.0
DIHEDRAL 100957 100960 100962 100964 $FC  0.0
DIHEDRAL 101004 101007 101009 101011 $FC  0.0
DIHEDRAL 101051 101054 101056 101058 $FC  0.0
DIHEDRAL 101098 101101 101103 101105 $FC  0.0
IMPROPER 101130 101137 101135 101139 $FC  120.0
IMPROPER 101147 101158 101150 101152 $FC -120.0
DIHEDRAL 101182 101185 101187 101189 $FC  0.0
IMPROPER 101257 101264 101262 101266 $FC  120.0
IMPROPER 101274 101285 101277 101279 $FC -120.0
DIHEDRAL 101309 101312 101314 101316 $FC  0.0
IMPROPER 101399 101397 101395 101384 $FC  120.0
IMPROPER 101407 101412 101410 101418 $FC  120.0
IMPROPER 101392 101429 101427 101435 $FC  120.0
DIHEDRAL 101459 101462 101464 101466 $FC  0.0
DIHEDRAL 101506 101509 101511 101513 $FC  0.0
DIHEDRAL 101553 101556 101558 101560 $FC  0.0
DIHEDRAL 101600 101603 101605 101607 $FC  0.0
IMPROPER 101632 101639 101637 101641 $FC  120.0
IMPROPER 101649 101660 101652 101654 $FC -120.0
DIHEDRAL 101684 101687 101689 101691 $FC  0.0
IMPROPER 101759 101766 101764 101768 $FC  120.0
IMPROPER 101776 101787 101779 101781 $FC -120.0
DIHEDRAL 101811 101814 101816 101818 $FC  0.0
IMPROPER 101901 101912 101904 101906 $FC -120.0
DIHEDRAL 101936 101939 101941 101943 $FC  0.0
IMPROPER 102026 102037 102029 102031 $FC -120.0
DIHEDRAL 102061 102064 102066 102068 $FC  0.0
IMPROPER 102136 102143 102141 102145 $FC  120.0
IMPROPER 102153 102164 102156 102158 $FC -120.0
DIHEDRAL 102188 102191 102193 102195 $FC  0.0
IMPROPER 102278 102276 102274 102263 $FC  120.0
IMPROPER 102286 102291 102289 102297 $FC  120.0
IMPROPER 102271 102308 102306 102314 $FC  120.0
DIHEDRAL 102338 102341 102343 102345 $FC  0.0
DIHEDRAL 102385 102388 102390 102392 $FC  0.0
DIHEDRAL 102432 102435 102437 102439 $FC  0.0
DIHEDRAL 102479 102482 102484 102486 $FC  0.0
IMPROPER 102511 102518 102516 102520 $FC  120.0
IMPROPER 102528 102539 102531 102533 $FC -120.0
DIHEDRAL 102563 102566 102568 102570 $FC  0.0
IMPROPER 102653 102664 102656 102658 $FC -120.0
DIHEDRAL 102688 102691 102693 102695 $FC  0.0
IMPROPER 102763 102770 102768 102772 $FC  120.0
IMPROPER 102780 102791 102783 102785 $FC -120.0
DIHEDRAL 102815 102818 102820 102822 $FC  0.0
IMPROPER 102890 102897 102895 102899 $FC  120.0
IMPROPER 102907 102918 102910 102912 $FC -120.0
DIHEDRAL 102942 102945 102947 102949 $FC  0.0
IMPROPER 103017 103024 103022 103026 $FC  120.0
IMPROPER 103034 103045 103037 103039 $FC -120.0
DIHEDRAL 103069 103072 103074 103076 $FC  0.0
IMPROPER 103144 103151 103149 103153 $FC  120.0
IMPROPER 103161 103172 103164 103166 $FC -120.0
DIHEDRAL 103196 103199 103201 103203 $FC  0.0
IMPROPER 103271 103278 103276 103280 $FC  120.0
IMPROPER 103288 103299 103291 103293 $FC -120.0
DIHEDRAL 103323 103326 103328 103330 $FC  0.0
IMPROPER 103413 103424 103416 103418 $FC -120.0
DIHEDRAL 103448 103451 103453 103455 $FC  0.0
IMPROPER 103538 103549 103541 103543 $FC -120.0
DIHEDRAL 103573 103576 103578 103580 $FC  0.0
IMPROPER 103648 103655 103653 103657 $FC  120.0
IMPROPER 103665 103676 103668 103670 $FC -120.0
DIHEDRAL 103700 103703 103705 103707 $FC  0.0
IMPROPER 103775 103782 103780 103784 $FC  120.0
IMPROPER 103792 103803 103795 103797 $FC -120.0
DIHEDRAL 103827 103830 103832 103834 $FC  0.0
IMPROPER 103917 103928 103920 103922 $FC -120.0
DIHEDRAL 103952 103955 103957 103959 $FC  0.0
IMPROPER 104027 104034 104032 104036 $FC  120.0
IMPROPER 104044 104055 104047 104049 $FC -120.0
DIHEDRAL 104079 104082 104084 104086 $FC  0.0
IMPROPER 104169 104180 104172 104174 $FC -120.0
DIHEDRAL 104204 104207 104209 104211 $FC  0.0
IMPROPER 104294 104305 104297 104299 $FC -120.0
DIHEDRAL 104329 104332 104334 104336 $FC  0.0
IMPROPER 104419 104417 104415 104404 $FC  120.0
IMPROPER 104427 104432 104430 104438 $FC  120.0
IMPROPER 104412 104449 104447 104455 $FC  120.0
DIHEDRAL 104479 104482 104484 104486 $FC  0.0
DIHEDRAL 104526 104529 104531 104533 $FC  0.0
DIHEDRAL 104573 104576 104578 104580 $FC  0.0
DIHEDRAL 104620 104623 104625 104627 $FC  0.0
IMPROPER 104667 104678 104670 104672 $FC -120.0
DIHEDRAL 104702 104705 104707 104709 $FC  0.0
IMPROPER 104777 104784 104782 104786 $FC  120.0
IMPROPER 104794 104805 104797 104799 $FC -120.0
DIHEDRAL 104829 104832 104834 104836 $FC  0.0
IMPROPER 104919 104917 104915 104904 $FC  120.0
IMPROPER 104927 104932 104930 104938 $FC  120.0
IMPROPER 104912 104949 104947 104955 $FC  120.0
DIHEDRAL 104979 104982 104984 104986 $FC  0.0
DIHEDRAL 105026 105029 105031 105033 $FC  0.0
DIHEDRAL 105073 105076 105078 105080 $FC  0.0
DIHEDRAL 105120 105123 105125 105127 $FC  0.0
IMPROPER 105152 105159 105157 105161 $FC  120.0
IMPROPER 105169 105180 105172 105174 $FC -120.0
DIHEDRAL 105204 105207 105209 105211 $FC  0.0
IMPROPER 105294 105292 105290 105279 $FC  120.0
IMPROPER 105302 105307 105305 105313 $FC  120.0
IMPROPER 105287 105324 105322 105330 $FC  120.0
DIHEDRAL 105354 105357 105359 105361 $FC  0.0
DIHEDRAL 105401 105404 105406 105408 $FC  0.0
DIHEDRAL 105448 105451 105453 105455 $FC  0.0
DIHEDRAL 105495 105498 105500 105502 $FC  0.0
IMPROPER 105542 105553 105545 105547 $FC -120.0
DIHEDRAL 105577 105580 105582 105584 $FC  0.0
IMPROPER 105652 105659 105657 105661 $FC  120.0
IMPROPER 105669 105680 105672 105674 $FC -120.0
DIHEDRAL 105704 105707 105709 105711 $FC  0.0
