IMPROPER 22857 22864 22862 22866 $FC  120.0
IMPROPER 22874 22885 22877 22879 $FC -120.0
DIHEDRAL 22909 22912 22914 22916 $FC  0.0
IMPROPER 22999 23010 23002 23004 $FC -120.0
DIHEDRAL 23034 23037 23039 23041 $FC  0.0
IMPROPER 23109 23116 23114 23118 $FC  120.0
IMPROPER 23126 23137 23129 23131 $FC -120.0
DIHEDRAL 23161 23164 23166 23168 $FC  0.0
IMPROPER 23236 23243 23241 23245 $FC  120.0
IMPROPER 23253 23264 23256 23258 $FC -120.0
DIHEDRAL 23288 23291 23293 23295 $FC  0.0
IMPROPER 23363 23370 23368 23372 $FC  120.0
IMPROPER 23380 23391 23383 23385 $FC -120.0
DIHEDRAL 23415 23418 23420 23422 $FC  0.0
IMPROPER 23490 23497 23495 23499 $FC  120.0
IMPROPER 23507 23518 23510 23512 $FC -120.0
DIHEDRAL 23542 23545 23547 23549 $FC  0.0
IMPROPER 23617 23624 23622 23626 $FC  120.0
IMPROPER 23634 23645 23637 23639 $FC -120.0
DIHEDRAL 23669 23672 23674 23676 $FC  0.0
IMPROPER 23744 23751 23749 23753 $FC  120.0
IMPROPER 23761 23772 23764 23766 $FC -120.0
DIHEDRAL 23796 23799 23801 23803 $FC  0.0
IMPROPER 23886 23897 23889 23891 $FC -120.0
DIHEDRAL 23921 23924 23926 23928 $FC  0.0
IMPROPER 24011 24022 24014 24016 $FC -120.0
DIHEDRAL 24046 24049 24051 24053 $FC  0.0
IMPROPER 24136 24147 24139 24141 $FC -120.0
DIHEDRAL 24171 24174 24176 24178 $FC  0.0
IMPROPER 24261 24272 24264 24266 $FC -120.0
DIHEDRAL 24296 24299 24301 24303 $FC  0.0
IMPROPER 24386 24397 24389 24391 $FC -120.0
DIHEDRAL 24421 24424 24426 24428 $FC  0.0
IMPROPER 24511 24509 24507 24496 $FC  120.0
IMPROPER 24519 24524 24522 24530 $FC  120.0
IMPROPER 24504 24541 24539 24547 $FC  120.0
DIHEDRAL 24571 24574 24576 24578 $FC  0.0
DIHEDRAL 24618 24621 24623 24625 $FC  0.0
DIHEDRAL 24665 24668 24670 24672 $FC  0.0
DIHEDRAL 24712 24715 24717 24719 $FC  0.0
IMPROPER 24759 24757 24755 24744 $FC  120.0
IMPROPER 24767 24772 24770 24778 $FC  120.0
IMPROPER 24752 24789 24787 24795 $FC  120.0
DIHEDRAL 24819 24822 24824 24826 $FC  0.0
DIHEDRAL 24866 24869 24871 24873 $FC  0.0
DIHEDRAL 24913 24916 24918 24920 $FC  0.0
DIHEDRAL 24960 24963 24965 24967 $FC  0.0
IMPROPER 25007 25005 25003 24992 $FC  120.0
IMPROPER 25015 25020 25018 25026 $FC  120.0
IMPROPER 25000 25037 25035 25043 $FC  120.0
DIHEDRAL 25067 25070 25072 25074 $FC  0.0
DIHEDRAL 25114 25117 25119 25121 $FC  0.0
DIHEDRAL 25161 25164 25166 25168 $FC  0.0
DIHEDRAL 25208 25211 25213 25215 $FC  0.0
IMPROPER 25255 25253 25251 25240 $FC  120.0
IMPROPER 25263 25268 25266 25274 $FC  120.0
IMPROPER 25248 25285 25283 25291 $FC  120.0
DIHEDRAL 25315 25318 25320 25322 $FC  0.0
DIHEDRAL 25362 25365 25367 25369 $FC  0.0
DIHEDRAL 25409 25412 25414 25416 $FC  0.0
DIHEDRAL 25456 25459 25461 25463 $FC  0.0
IMPROPER 25488 25495 25493 25497 $FC  120.0
IMPROPER 25505 25516 25508 25510 $FC -120.0
DIHEDRAL 25540 25543 25545 25547 $FC  0.0
IMPROPER 25630 25641 25633 25635 $FC -120.0
DIHEDRAL 25665 25668 25670 25672 $FC  0.0
IMPROPER 25755 25766 25758 25760 $FC -120.0
DIHEDRAL 25790 25793 25795 25797 $FC  0.0
IMPROPER 25865 25872 25870 25874 $FC  120.0
IMPROPER 25882 25893 25885 25887 $FC -120.0
DIHEDRAL 25917 25920 25922 25924 $FC  0.0
IMPROPER 26007 26018 26010 26012 $FC -120.0
DIHEDRAL 26042 26045 26047 26049 $FC  0.0
IMPROPER 26132 26143 26135 26137 $FC -120.0
DIHEDRAL 26167 26170 26172 26174 $FC  0.0
IMPROPER 26242 26249 26247 26251 $FC  120.0
IMPROPER 26259 26270 26262 26264 $FC -120.0
DIHEDRAL 26294 26297 26299 26301 $FC  0.0
IMPROPER 26384 26382 26380 26369 $FC  120.0
IMPROPER 26392 26397 26395 26403 $FC  120.0
IMPROPER 26377 26414 26412 26420 $FC  120.0
DIHEDRAL 26444 26447 26449 26451 $FC  0.0
DIHEDRAL 26491 26494 26496 26498 $FC  0.0
DIHEDRAL 26538 26541 26543 26545 $FC  0.0
DIHEDRAL 26585 26588 26590 26592 $FC  0.0
IMPROPER 26632 26643 26635 26637 $FC -120.0
DIHEDRAL 26667 26670 26672 26674 $FC  0.0
IMPROPER 26742 26749 26747 26751 $FC  120.0
IMPROPER 26759 26770 26762 26764 $FC -120.0
DIHEDRAL 26794 26797 26799 26801 $FC  0.0
IMPROPER 26869 26876 26874 26878 $FC  120.0
IMPROPER 26886 26897 26889 26891 $FC -120.0
DIHEDRAL 26921 26924 26926 26928 $FC  0.0
IMPROPER 27011 27022 27014 27016 $FC -120.0
DIHEDRAL 27046 27049 27051 27053 $FC  0.0
IMPROPER 27136 27134 27132 27121 $FC  120.0
IMPROPER 27144 27149 27147 27155 $FC  120.0
IMPROPER 27129 27166 27164 27172 $FC  120.0
DIHEDRAL 27196 27199 27201 27203 $FC  0.0
DIHEDRAL 27243 27246 27248 27250 $FC  0.0
DIHEDRAL 27290 27293 27295 27297 $FC  0.0
DIHEDRAL 27337 27340 27342 27344 $FC  0.0
IMPROPER 27369 27376 27374 27378 $FC  120.0
IMPROPER 27386 27397 27389 27391 $FC -120.0
DIHEDRAL 27421 27424 27426 27428 $FC  0.0
IMPROPER 27496 27503 27501 27505 $FC  120.0
IMPROPER 27513 27524 27516 27518 $FC -120.0
DIHEDRAL 27548 27551 27553 27555 $FC  0.0
IMPROPER 27638 27649 27641 27643 $FC -120.0
DIHEDRAL 27673 27676 27678 27680 $FC  0.0
IMPROPER 27763 27774 27766 27768 $FC -120.0
DIHEDRAL 27798 27801 27803 27805 $FC  0.0
IMPROPER 27888 27899 27891 27893 $FC -120.0
DIHEDRAL 27923 27926 27928 27930 $FC  0.0
IMPROPER 28013 28024 28016 28018 $FC -120.0
DIHEDRAL 28048 28051 28053 28055 $FC  0.0
IMPROPER 28138 28149 28141 28143 $FC -120.0
DIHEDRAL 28173 28176 28178 28180 $FC  0.0
IMPROPER 28263 28274 28266 28268 $FC -120.0
DIHEDRAL 28298 28301 28303 28305 $FC  0.0
IMPROPER 28388 28399 28391 28393 $FC -120.0
DIHEDRAL 28423 28426 28428 28430 $FC  0.0
IMPROPER 28513 28511 28509 28498 $FC  120.0
IMPROPER 28521 28526 28524 28532 $FC  120.0
IMPROPER 28506 28543 28541 28549 $FC  120.0
DIHEDRAL 28573 28576 28578 28580 $FC  0.0
DIHEDRAL 28620 28623 28625 28627 $FC  0.0
DIHEDRAL 28667 28670 28672 28674 $FC  0.0
DIHEDRAL 28714 28717 28719 28721 $FC  0.0
IMPROPER 28761 28772 28764 28766 $FC -120.0
DIHEDRAL 28796 28799 28801 28803 $FC  0.0
IMPROPER 28886 28897 28889 28891 $FC -120.0
DIHEDRAL 28921 28924 28926 28928 $FC  0.0
IMPROPER 28996 29003 29001 29005 $FC  120.0
IMPROPER 29013 29024 29016 29018 $FC -120.0
DIHEDRAL 29048 29051 29053 29055 $FC  0.0
IMPROPER 29138 29149 29141 29143 $FC -120.0
DIHEDRAL 29173 29176 29178 29180 $FC  0.0
IMPROPER 29248 29255 29253 29257 $FC  120.0
IMPROPER 29265 29276 29268 29270 $FC -120.0
DIHEDRAL 29300 29303 29305 29307 $FC  0.0
IMPROPER 29375 29382 29380 29384 $FC  120.0
IMPROPER 29392 29403 29395 29397 $FC -120.0
DIHEDRAL 29427 29430 29432 29434 $FC  0.0
IMPROPER 29517 29528 29520 29522 $FC -120.0
DIHEDRAL 29552 29555 29557 29559 $FC  0.0
IMPROPER 29627 29634 29632 29636 $FC  120.0
IMPROPER 29644 29655 29647 29649 $FC -120.0
DIHEDRAL 29679 29682 29684 29686 $FC  0.0
IMPROPER 29769 29780 29772 29774 $FC -120.0
DIHEDRAL 29804 29807 29809 29811 $FC  0.0
IMPROPER 29894 29905 29897 29899 $FC -120.0
DIHEDRAL 29929 29932 29934 29936 $FC  0.0
IMPROPER 30019 30030 30022 30024 $FC -120.0
DIHEDRAL 30054 30057 30059 30061 $FC  0.0
IMPROPER 30129 30136 30134 30138 $FC  120.0
IMPROPER 30146 30157 30149 30151 $FC -120.0
DIHEDRAL 30181 30184 30186 30188 $FC  0.0
IMPROPER 30256 30263 30261 30265 $FC  120.0
IMPROPER 30273 30284 30276 30278 $FC -120.0
DIHEDRAL 30308 30311 30313 30315 $FC  0.0
IMPROPER 30398 30409 30401 30403 $FC -120.0
DIHEDRAL 30433 30436 30438 30440 $FC  0.0
IMPROPER 30508 30515 30513 30517 $FC  120.0
IMPROPER 30525 30536 30528 30530 $FC -120.0
DIHEDRAL 30560 30563 30565 30567 $FC  0.0
IMPROPER 30650 30661 30653 30655 $FC -120.0
DIHEDRAL 30685 30688 30690 30692 $FC  0.0
IMPROPER 30760 30767 30765 30769 $FC  120.0
IMPROPER 30777 30788 30780 30782 $FC -120.0
DIHEDRAL 30812 30815 30817 30819 $FC  0.0
IMPROPER 30887 30894 30892 30896 $FC  120.0
IMPROPER 30904 30915 30907 30909 $FC -120.0
DIHEDRAL 30939 30942 30944 30946 $FC  0.0
IMPROPER 31029 31040 31032 31034 $FC -120.0
DIHEDRAL 31064 31067 31069 31071 $FC  0.0
IMPROPER 31139 31146 31144 31148 $FC  120.0
IMPROPER 31156 31167 31159 31161 $FC -120.0
DIHEDRAL 31191 31194 31196 31198 $FC  0.0
IMPROPER 31281 31292 31284 31286 $FC -120.0
DIHEDRAL 31316 31319 31321 31323 $FC  0.0
IMPROPER 31406 31404 31402 31391 $FC  120.0
IMPROPER 31414 31419 31417 31425 $FC  120.0
IMPROPER 31399 31436 31434 31442 $FC  120.0
DIHEDRAL 31466 31469 31471 31473 $FC  0.0
DIHEDRAL 31513 31516 31518 31520 $FC  0.0
DIHEDRAL 31560 31563 31565 31567 $FC  0.0
DIHEDRAL 31607 31610 31612 31614 $FC  0.0
IMPROPER 31654 31665 31657 31659 $FC -120.0
DIHEDRAL 31689 31692 31694 31696 $FC  0.0
IMPROPER 31779 31790 31782 31784 $FC -120.0
DIHEDRAL 31814 31817 31819 31821 $FC  0.0
IMPROPER 31889 31896 31894 31898 $FC  120.0
IMPROPER 31906 31917 31909 31911 $FC -120.0
DIHEDRAL 31941 31944 31946 31948 $FC  0.0
IMPROPER 32031 32042 32034 32036 $FC -120.0
DIHEDRAL 32066 32069 32071 32073 $FC  0.0
IMPROPER 32156 32167 32159 32161 $FC -120.0
DIHEDRAL 32191 32194 32196 32198 $FC  0.0
IMPROPER 32266 32273 32271 32275 $FC  120.0
IMPROPER 32283 32294 32286 32288 $FC -120.0
DIHEDRAL 32318 32321 32323 32325 $FC  0.0
IMPROPER 32393 32400 32398 32402 $FC  120.0
IMPROPER 32410 32421 32413 32415 $FC -120.0
DIHEDRAL 32445 32448 32450 32452 $FC  0.0
IMPROPER 32520 32527 32525 32529 $FC  120.0
IMPROPER 32537 32548 32540 32542 $FC -120.0
DIHEDRAL 32572 32575 32577 32579 $FC  0.0
IMPROPER 32647 32654 32652 32656 $FC  120.0
IMPROPER 32664 32675 32667 32669 $FC -120.0
DIHEDRAL 32699 32702 32704 32706 $FC  0.0
IMPROPER 32789 32800 32792 32794 $FC -120.0
DIHEDRAL 32824 32827 32829 32831 $FC  0.0
IMPROPER 32914 32925 32917 32919 $FC -120.0
DIHEDRAL 32949 32952 32954 32956 $FC  0.0
IMPROPER 33039 33050 33042 33044 $FC -120.0
DIHEDRAL 33074 33077 33079 33081 $FC  0.0
IMPROPER 33164 33162 33160 33149 $FC  120.0
IMPROPER 33172 33177 33175 33183 $FC  120.0
IMPROPER 33157 33194 33192 33200 $FC  120.0
DIHEDRAL 33224 33227 33229 33231 $FC  0.0
DIHEDRAL 33271 33274 33276 33278 $FC  0.0
DIHEDRAL 33318 33321 33323 33325 $FC  0.0
DIHEDRAL 33365 33368 33370 33372 $FC  0.0
IMPROPER 33397 33404 33402 33406 $FC  120.0
IMPROPER 33414 33425 33417 33419 $FC -120.0
DIHEDRAL 33449 33452 33454 33456 $FC  0.0
IMPROPER 33524 33531 33529 33533 $FC  120.0
IMPROPER 33541 33552 33544 33546 $FC -120.0
DIHEDRAL 33576 33579 33581 33583 $FC  0.0
IMPROPER 33666 33677 33669 33671 $FC -120.0
DIHEDRAL 33701 33704 33706 33708 $FC  0.0
IMPROPER 33776 33783 33781 33785 $FC  120.0
IMPROPER 33793 33804 33796 33798 $FC -120.0
DIHEDRAL 33828 33831 33833 33835 $FC  0.0
IMPROPER 33918 33929 33921 33923 $FC -120.0
DIHEDRAL 33953 33956 33958 33960 $FC  0.0
IMPROPER 34028 34035 34033 34037 $FC  120.0
IMPROPER 34045 34056 34048 34050 $FC -120.0
DIHEDRAL 34080 34083 34085 34087 $FC  0.0
IMPROPER 34155 34162 34160 34164 $FC  120.0
IMPROPER 34172 34183 34175 34177 $FC -120.0
DIHEDRAL 34207 34210 34212 34214 $FC  0.0
IMPROPER 34297 34308 34300 34302 $FC -120.0
DIHEDRAL 34332 34335 34337 34339 $FC  0.0
IMPROPER 34422 34433 34425 34427 $FC -120.0
DIHEDRAL 34457 34460 34462 34464 $FC  0.0
IMPROPER 34547 34558 34550 34552 $FC -120.0
DIHEDRAL 34582 34585 34587 34589 $FC  0.0
IMPROPER 34672 34683 34675 34677 $FC -120.0
DIHEDRAL 34707 34710 34712 34714 $FC  0.0
IMPROPER 34797 34808 34800 34802 $FC -120.0
DIHEDRAL 34832 34835 34837 34839 $FC  0.0
IMPROPER 34922 34933 34925 34927 $FC -120.0
DIHEDRAL 34957 34960 34962 34964 $FC  0.0
IMPROPER 35032 35039 35037 35041 $FC  120.0
IMPROPER 35049 35060 35052 35054 $FC -120.0
DIHEDRAL 35084 35087 35089 35091 $FC  0.0
IMPROPER 35159 35166 35164 35168 $FC  120.0
IMPROPER 35176 35187 35179 35181 $FC -120.0
DIHEDRAL 35211 35214 35216 35218 $FC  0.0
IMPROPER 35286 35293 35291 35295 $FC  120.0
IMPROPER 35303 35314 35306 35308 $FC -120.0
DIHEDRAL 35338 35341 35343 35345 $FC  0.0
IMPROPER 35428 35439 35431 35433 $FC -120.0
DIHEDRAL 35463 35466 35468 35470 $FC  0.0
IMPROPER 35553 35564 35556 35558 $FC -120.0
DIHEDRAL 35588 35591 35593 35595 $FC  0.0
IMPROPER 35663 35670 35668 35672 $FC  120.0
IMPROPER 35680 35691 35683 35685 $FC -120.0
DIHEDRAL 35715 35718 35720 35722 $FC  0.0
IMPROPER 35790 35797 35795 35799 $FC  120.0
IMPROPER 35807 35818 35810 35812 $FC -120.0
DIHEDRAL 35842 35845 35847 35849 $FC  0.0
IMPROPER 35917 35924 35922 35926 $FC  120.0
IMPROPER 35934 35945 35937 35939 $FC -120.0
DIHEDRAL 35969 35972 35974 35976 $FC  0.0
IMPROPER 36059 36070 36062 36064 $FC -120.0
DIHEDRAL 36094 36097 36099 36101 $FC  0.0
IMPROPER 36169 36176 36174 36178 $FC  120.0
IMPROPER 36186 36197 36189 36191 $FC -120.0
DIHEDRAL 36221 36224 36226 36228 $FC  0.0
IMPROPER 36296 36303 36301 36305 $FC  120.0
IMPROPER 36313 36324 36316 36318 $FC -120.0
DIHEDRAL 36348 36351 36353 36355 $FC  0.0
IMPROPER 36423 36430 36428 36432 $FC  120.0
IMPROPER 36440 36451 36443 36445 $FC -120.0
DIHEDRAL 36475 36478 36480 36482 $FC  0.0
IMPROPER 36550 36557 36555 36559 $FC  120.0
IMPROPER 36567 36578 36570 36572 $FC -120.0
DIHEDRAL 36602 36605 36607 36609 $FC  0.0
IMPROPER 36677 36684 36682 36686 $FC  120.0
IMPROPER 36694 36705 36697 36699 $FC -120.0
DIHEDRAL 36729 36732 36734 36736 $FC  0.0
IMPROPER 36819 36817 36815 36804 $FC  120.0
IMPROPER 36827 36832 36830 36838 $FC  120.0
IMPROPER 36812 36849 36847 36855 $FC  120.0
DIHEDRAL 36879 36882 36884 36886 $FC  0.0
DIHEDRAL 36926 36929 36931 36933 $FC  0.0
DIHEDRAL 36973 36976 36978 36980 $FC  0.0
DIHEDRAL 37020 37023 37025 37027 $FC  0.0
IMPROPER 37052 37059 37057 37061 $FC  120.0
IMPROPER 37069 37080 37072 37074 $FC -120.0
DIHEDRAL 37104 37107 37109 37111 $FC  0.0
IMPROPER 37194 37205 37197 37199 $FC -120.0
DIHEDRAL 37229 37232 37234 37236 $FC  0.0
IMPROPER 37319 37330 37322 37324 $FC -120.0
DIHEDRAL 37354 37357 37359 37361 $FC  0.0
IMPROPER 37444 37455 37447 37449 $FC -120.0
DIHEDRAL 37479 37482 37484 37486 $FC  0.0
IMPROPER 37554 37561 37559 37563 $FC  120.0
IMPROPER 37571 37582 37574 37576 $FC -120.0
DIHEDRAL 37606 37609 37611 37613 $FC  0.0
IMPROPER 37696 37707 37699 37701 $FC -120.0
DIHEDRAL 37731 37734 37736 37738 $FC  0.0
IMPROPER 37806 37813 37811 37815 $FC  120.0
IMPROPER 37823 37834 37826 37828 $FC -120.0
DIHEDRAL 37858 37861 37863 37865 $FC  0.0
IMPROPER 37933 37940 37938 37942 $FC  120.0
IMPROPER 37950 37961 37953 37955 $FC -120.0
DIHEDRAL 37985 37988 37990 37992 $FC  0.0
IMPROPER 38060 38067 38065 38069 $FC  120.0
IMPROPER 38077 38088 38080 38082 $FC -120.0
DIHEDRAL 38112 38115 38117 38119 $FC  0.0
IMPROPER 38202 38213 38205 38207 $FC -120.0
DIHEDRAL 38237 38240 38242 38244 $FC  0.0
IMPROPER 38312 38319 38317 38321 $FC  120.0
IMPROPER 38329 38340 38332 38334 $FC -120.0
DIHEDRAL 38364 38367 38369 38371 $FC  0.0
IMPROPER 38454 38465 38457 38459 $FC -120.0
DIHEDRAL 38489 38492 38494 38496 $FC  0.0
IMPROPER 38579 38590 38582 38584 $FC -120.0
DIHEDRAL 38614 38617 38619 38621 $FC  0.0
IMPROPER 38704 38715 38707 38709 $FC -120.0
DIHEDRAL 38739 38742 38744 38746 $FC  0.0
IMPROPER 38814 38821 38819 38823 $FC  120.0
IMPROPER 38831 38842 38834 38836 $FC -120.0
DIHEDRAL 38866 38869 38871 38873 $FC  0.0
IMPROPER 38941 38948 38946 38950 $FC  120.0
IMPROPER 38958 38969 38961 38963 $FC -120.0
DIHEDRAL 38993 38996 38998 39000 $FC  0.0
IMPROPER 39083 39094 39086 39088 $FC -120.0
DIHEDRAL 39118 39121 39123 39125 $FC  0.0
IMPROPER 39193 39200 39198 39202 $FC  120.0
IMPROPER 39210 39221 39213 39215 $FC -120.0
DIHEDRAL 39245 39248 39250 39252 $FC  0.0
IMPROPER 39335 39346 39338 39340 $FC -120.0
DIHEDRAL 39370 39373 39375 39377 $FC  0.0
IMPROPER 39460 39458 39456 39445 $FC  120.0
IMPROPER 39468 39473 39471 39479 $FC  120.0
IMPROPER 39453 39490 39488 39496 $FC  120.0
DIHEDRAL 39520 39523 39525 39527 $FC  0.0
DIHEDRAL 39567 39570 39572 39574 $FC  0.0
DIHEDRAL 39614 39617 39619 39621 $FC  0.0
DIHEDRAL 39661 39664 39666 39668 $FC  0.0
IMPROPER 39708 39719 39711 39713 $FC -120.0
DIHEDRAL 39743 39746 39748 39750 $FC  0.0
IMPROPER 39833 39844 39836 39838 $FC -120.0
DIHEDRAL 39868 39871 39873 39875 $FC  0.0
IMPROPER 39958 39969 39961 39963 $FC -120.0
DIHEDRAL 39993 39996 39998 40000 $FC  0.0
IMPROPER 40083 40081 40079 40068 $FC  120.0
IMPROPER 40091 40096 40094 40102 $FC  120.0
IMPROPER 40076 40113 40111 40119 $FC  120.0
DIHEDRAL 40143 40146 40148 40150 $FC  0.0
DIHEDRAL 40190 40193 40195 40197 $FC  0.0
DIHEDRAL 40237 40240 40242 40244 $FC  0.0
DIHEDRAL 40284 40287 40289 40291 $FC  0.0
IMPROPER 40316 40323 40321 40325 $FC  120.0
IMPROPER 40333 40344 40336 40338 $FC -120.0
DIHEDRAL 40368 40371 40373 40375 $FC  0.0
IMPROPER 40458 40469 40461 40463 $FC -120.0
DIHEDRAL 40493 40496 40498 40500 $FC  0.0
IMPROPER 40583 40594 40586 40588 $FC -120.0
DIHEDRAL 40618 40621 40623 40625 $FC  0.0
IMPROPER 40693 40700 40698 40702 $FC  120.0
IMPROPER 40710 40721 40713 40715 $FC -120.0
DIHEDRAL 40745 40748 40750 40752 $FC  0.0
IMPROPER 40835 40846 40838 40840 $FC -120.0
DIHEDRAL 40870 40873 40875 40877 $FC  0.0
IMPROPER 40960 40971 40963 40965 $FC -120.0
DIHEDRAL 40995 40998 41000 41002 $FC  0.0
IMPROPER 41085 41096 41088 41090 $FC -120.0
DIHEDRAL 41120 41123 41125 41127 $FC  0.0
IMPROPER 41195 41202 41200 41204 $FC  120.0
IMPROPER 41212 41223 41215 41217 $FC -120.0
DIHEDRAL 41247 41250 41252 41254 $FC  0.0
IMPROPER 41322 41329 41327 41331 $FC  120.0
IMPROPER 41339 41350 41342 41344 $FC -120.0
DIHEDRAL 41374 41377 41379 41381 $FC  0.0
IMPROPER 41449 41456 41454 41458 $FC  120.0
IMPROPER 41466 41477 41469 41471 $FC -120.0
DIHEDRAL 41501 41504 41506 41508 $FC  0.0
IMPROPER 41576 41583 41581 41585 $FC  120.0
IMPROPER 41593 41604 41596 41598 $FC -120.0
DIHEDRAL 41628 41631 41633 41635 $FC  0.0
IMPROPER 41703 41710 41708 41712 $FC  120.0
IMPROPER 41720 41731 41723 41725 $FC -120.0
DIHEDRAL 41755 41758 41760 41762 $FC  0.0
IMPROPER 41845 41856 41848 41850 $FC -120.0
DIHEDRAL 41880 41883 41885 41887 $FC  0.0
IMPROPER 41955 41962 41960 41964 $FC  120.0
IMPROPER 41972 41983 41975 41977 $FC -120.0
DIHEDRAL 42007 42010 42012 42014 $FC  0.0
IMPROPER 42082 42089 42087 42091 $FC  120.0
IMPROPER 42099 42110 42102 42104 $FC -120.0
DIHEDRAL 42134 42137 42139 42141 $FC  0.0
IMPROPER 42224 42235 42227 42229 $FC -120.0
DIHEDRAL 42259 42262 42264 42266 $FC  0.0
IMPROPER 42334 42341 42339 42343 $FC  120.0
IMPROPER 42351 42362 42354 42356 $FC -120.0
DIHEDRAL 42386 42389 42391 42393 $FC  0.0
IMPROPER 42476 42487 42479 42481 $FC -120.0
DIHEDRAL 42511 42514 42516 42518 $FC  0.0
IMPROPER 42601 42599 42597 42586 $FC  120.0
IMPROPER 42609 42614 42612 42620 $FC  120.0
IMPROPER 42594 42631 42629 42637 $FC  120.0
DIHEDRAL 42661 42664 42666 42668 $FC  0.0
DIHEDRAL 42708 42711 42713 42715 $FC  0.0
DIHEDRAL 42755 42758 42760 42762 $FC  0.0
DIHEDRAL 42802 42805 42807 42809 $FC  0.0
IMPROPER 42834 42841 42839 42843 $FC  120.0
IMPROPER 42851 42862 42854 42856 $FC -120.0
DIHEDRAL 42886 42889 42891 42893 $FC  0.0
IMPROPER 42976 42974 42972 42961 $FC  120.0
IMPROPER 42984 42989 42987 42995 $FC  120.0
IMPROPER 42969 43006 43004 43012 $FC  120.0
DIHEDRAL 43036 43039 43041 43043 $FC  0.0
DIHEDRAL 43083 43086 43088 43090 $FC  0.0
DIHEDRAL 43130 43133 43135 43137 $FC  0.0
DIHEDRAL 43177 43180 43182 43184 $FC  0.0
IMPROPER 43209 43216 43214 43218 $FC  120.0
IMPROPER 43226 43237 43229 43231 $FC -120.0
DIHEDRAL 43261 43264 43266 43268 $FC  0.0
IMPROPER 43336 43343 43341 43345 $FC  120.0
IMPROPER 43353 43364 43356 43358 $FC -120.0
DIHEDRAL 43388 43391 43393 43395 $FC  0.0
IMPROPER 43478 43489 43481 43483 $FC -120.0
DIHEDRAL 43513 43516 43518 43520 $FC  0.0
IMPROPER 43603 43614 43606 43608 $FC -120.0
DIHEDRAL 43638 43641 43643 43645 $FC  0.0
IMPROPER 43713 43720 43718 43722 $FC  120.0
IMPROPER 43730 43741 43733 43735 $FC -120.0
DIHEDRAL 43765 43768 43770 43772 $FC  0.0
IMPROPER 43855 43853 43851 43840 $FC  120.0
IMPROPER 43863 43868 43866 43874 $FC  120.0
IMPROPER 43848 43885 43883 43891 $FC  120.0
DIHEDRAL 43915 43918 43920 43922 $FC  0.0
DIHEDRAL 43962 43965 43967 43969 $FC  0.0
DIHEDRAL 44009 44012 44014 44016 $FC  0.0
DIHEDRAL 44056 44059 44061 44063 $FC  0.0
IMPROPER 44088 44095 44093 44097 $FC  120.0
IMPROPER 44105 44116 44108 44110 $FC -120.0
DIHEDRAL 44140 44143 44145 44147 $FC  0.0
IMPROPER 44230 44241 44233 44235 $FC -120.0
DIHEDRAL 44265 44268 44270 44272 $FC  0.0
IMPROPER 44340 44347 44345 44349 $FC  120.0
IMPROPER 44357 44368 44360 44362 $FC -120.0
DIHEDRAL 44392 44395 44397 44399 $FC  0.0
IMPROPER 44467 44474 44472 44476 $FC  120.0
IMPROPER 44484 44495 44487 44489 $FC -120.0
DIHEDRAL 44519 44522 44524 44526 $FC  0.0
IMPROPER 44609 44620 44612 44614 $FC -120.0
DIHEDRAL 44644 44647 44649 44651 $FC  0.0
IMPROPER 44719 44726 44724 44728 $FC  120.0
IMPROPER 44736 44747 44739 44741 $FC -120.0
DIHEDRAL 44771 44774 44776 44778 $FC  0.0
IMPROPER 44846 44853 44851 44855 $FC  120.0
IMPROPER 44863 44874 44866 44868 $FC -120.0
DIHEDRAL 44898 44901 44903 44905 $FC  0.0
IMPROPER 44988 44999 44991 44993 $FC -120.0
DIHEDRAL 45023 45026 45028 45030 $FC  0.0
IMPROPER 45098 45105 45103 45107 $FC  120.0
IMPROPER 45115 45126 45118 45120 $FC -120.0
DIHEDRAL 45150 45153 45155 45157 $FC  0.0
IMPROPER 45240 45251 45243 45245 $FC -120.0
DIHEDRAL 45275 45278 45280 45282 $FC  0.0
IMPROPER 45365 45376 45368 45370 $FC -120.0
DIHEDRAL 45400 45403 45405 45407 $FC  0.0
IMPROPER 45475 45482 45480 45484 $FC  120.0
IMPROPER 45492 45503 45495 45497 $FC -120.0
DIHEDRAL 45527 45530 45532 45534 $FC  0.0
IMPROPER 45602 45609 45607 45611 $FC  120.0
IMPROPER 45619 45630 45622 45624 $FC -120.0
DIHEDRAL 45654 45657 45659 45661 $FC  0.0
IMPROPER 45744 45755 45747 45749 $FC -120.0
DIHEDRAL 45779 45782 45784 45786 $FC  0.0
IMPROPER 45854 45861 45859 45863 $FC  120.0
IMPROPER 45871 45882 45874 45876 $FC -120.0
DIHEDRAL 45906 45909 45911 45913 $FC  0.0
IMPROPER 45981 45988 45986 45990 $FC  120.0
IMPROPER 45998 46009 46001 46003 $FC -120.0
DIHEDRAL 46033 46036 46038 46040 $FC  0.0
IMPROPER 46123 46121 46119 46108 $FC  120.0
IMPROPER 46131 46136 46134 46142 $FC  120.0
IMPROPER 46116 46153 46151 46159 $FC  120.0
DIHEDRAL 46183 46186 46188 46190 $FC  0.0
DIHEDRAL 46230 46233 46235 46237 $FC  0.0
DIHEDRAL 46277 46280 46282 46284 $FC  0.0
DIHEDRAL 46324 46327 46329 46331 $FC  0.0
IMPROPER 46356 46363 46361 46365 $FC  120.0
IMPROPER 46373 46384 46376 46378 $FC -120.0
DIHEDRAL 46408 46411 46413 46415 $FC  0.0
IMPROPER 46483 46490 46488 46492 $FC  120.0
IMPROPER 46500 46511 46503 46505 $FC -120.0
DIHEDRAL 46535 46538 46540 46542 $FC  0.0
IMPROPER 46625 46623 46621 46610 $FC  120.0
IMPROPER 46633 46638 46636 46644 $FC  120.0
IMPROPER 46618 46655 46653 46661 $FC  120.0
DIHEDRAL 46685 46688 46690 46692 $FC  0.0
DIHEDRAL 46732 46735 46737 46739 $FC  0.0
DIHEDRAL 46779 46782 46784 46786 $FC  0.0
DIHEDRAL 46826 46829 46831 46833 $FC  0.0
IMPROPER 46873 46871 46869 46858 $FC  120.0
IMPROPER 46881 46886 46884 46892 $FC  120.0
IMPROPER 46866 46903 46901 46909 $FC  120.0
DIHEDRAL 46933 46936 46938 46940 $FC  0.0
DIHEDRAL 46980 46983 46985 46987 $FC  0.0
DIHEDRAL 47027 47030 47032 47034 $FC  0.0
DIHEDRAL 47074 47077 47079 47081 $FC  0.0
IMPROPER 47121 47132 47124 47126 $FC -120.0
DIHEDRAL 47156 47159 47161 47163 $FC  0.0
IMPROPER 47246 47244 47242 47231 $FC  120.0
IMPROPER 47254 47259 47257 47265 $FC  120.0
IMPROPER 47239 47276 47274 47282 $FC  120.0
DIHEDRAL 47306 47309 47311 47313 $FC  0.0
DIHEDRAL 47353 47356 47358 47360 $FC  0.0
DIHEDRAL 47400 47403 47405 47407 $FC  0.0
DIHEDRAL 47447 47450 47452 47454 $FC  0.0
IMPROPER 47494 47505 47497 47499 $FC -120.0
DIHEDRAL 47529 47532 47534 47536 $FC  0.0
IMPROPER 47604 47611 47609 47613 $FC  120.0
IMPROPER 47621 47632 47624 47626 $FC -120.0
DIHEDRAL 47656 47659 47661 47663 $FC  0.0
IMPROPER 47731 47738 47736 47740 $FC  120.0
IMPROPER 47748 47759 47751 47753 $FC -120.0
DIHEDRAL 47783 47786 47788 47790 $FC  0.0
IMPROPER 47858 47865 47863 47867 $FC  120.0
IMPROPER 47875 47886 47878 47880 $FC -120.0
DIHEDRAL 47910 47913 47915 47917 $FC  0.0
IMPROPER 47985 47992 47990 47994 $FC  120.0
IMPROPER 48002 48013 48005 48007 $FC -120.0
DIHEDRAL 48037 48040 48042 48044 $FC  0.0
IMPROPER 48127 48138 48130 48132 $FC -120.0
DIHEDRAL 48162 48165 48167 48169 $FC  0.0
IMPROPER 48252 48250 48248 48237 $FC  120.0
IMPROPER 48260 48265 48263 48271 $FC  120.0
IMPROPER 48245 48282 48280 48288 $FC  120.0
DIHEDRAL 48312 48315 48317 48319 $FC  0.0
DIHEDRAL 48359 48362 48364 48366 $FC  0.0
DIHEDRAL 48406 48409 48411 48413 $FC  0.0
DIHEDRAL 48453 48456 48458 48460 $FC  0.0
IMPROPER 48485 48492 48490 48494 $FC  120.0
IMPROPER 48502 48513 48505 48507 $FC -120.0
DIHEDRAL 48537 48540 48542 48544 $FC  0.0
IMPROPER 48627 48638 48630 48632 $FC -120.0
DIHEDRAL 48662 48665 48667 48669 $FC  0.0
IMPROPER 48737 48744 48742 48746 $FC  120.0
IMPROPER 48754 48765 48757 48759 $FC -120.0
DIHEDRAL 48789 48792 48794 48796 $FC  0.0
IMPROPER 48864 48871 48869 48873 $FC  120.0
IMPROPER 48881 48892 48884 48886 $FC -120.0
DIHEDRAL 48916 48919 48921 48923 $FC  0.0
IMPROPER 49006 49017 49009 49011 $FC -120.0
DIHEDRAL 49041 49044 49046 49048 $FC  0.0
IMPROPER 49131 49142 49134 49136 $FC -120.0
DIHEDRAL 49166 49169 49171 49173 $FC  0.0
IMPROPER 49256 49267 49259 49261 $FC -120.0
DIHEDRAL 49291 49294 49296 49298 $FC  0.0
IMPROPER 49381 49379 49377 49366 $FC  120.0
IMPROPER 49389 49394 49392 49400 $FC  120.0
IMPROPER 49374 49411 49409 49417 $FC  120.0
DIHEDRAL 49441 49444 49446 49448 $FC  0.0
DIHEDRAL 49488 49491 49493 49495 $FC  0.0
DIHEDRAL 49535 49538 49540 49542 $FC  0.0
DIHEDRAL 49582 49585 49587 49589 $FC  0.0
IMPROPER 49614 49621 49619 49623 $FC  120.0
IMPROPER 49631 49642 49634 49636 $FC -120.0
DIHEDRAL 49666 49669 49671 49673 $FC  0.0
IMPROPER 49741 49748 49746 49750 $FC  120.0
IMPROPER 49758 49769 49761 49763 $FC -120.0
DIHEDRAL 49793 49796 49798 49800 $FC  0.0
IMPROPER 49868 49875 49873 49877 $FC  120.0
IMPROPER 49885 49896 49888 49890 $FC -120.0
DIHEDRAL 49920 49923 49925 49927 $FC  0.0
IMPROPER 50010 50021 50013 50015 $FC -120.0
DIHEDRAL 50045 50048 50050 50052 $FC  0.0
IMPROPER 50120 50127 50125 50129 $FC  120.0
IMPROPER 50137 50148 50140 50142 $FC -120.0
DIHEDRAL 50172 50175 50177 50179 $FC  0.0
IMPROPER 50262 50273 50265 50267 $FC -120.0
DIHEDRAL 50297 50300 50302 50304 $FC  0.0
IMPROPER 50372 50379 50377 50381 $FC  120.0
IMPROPER 50389 50400 50392 50394 $FC -120.0
DIHEDRAL 50424 50427 50429 50431 $FC  0.0
IMPROPER 50514 50525 50517 50519 $FC -120.0
DIHEDRAL 50549 50552 50554 50556 $FC  0.0
IMPROPER 50624 50631 50629 50633 $FC  120.0
IMPROPER 50641 50652 50644 50646 $FC -120.0
DIHEDRAL 50676 50679 50681 50683 $FC  0.0
IMPROPER 50751 50758 50756 50760 $FC  120.0
IMPROPER 50768 50779 50771 50773 $FC -120.0
DIHEDRAL 50803 50806 50808 50810 $FC  0.0
IMPROPER 50878 50885 50883 50887 $FC  120.0
IMPROPER 50895 50906 50898 50900 $FC -120.0
DIHEDRAL 50930 50933 50935 50937 $FC  0.0
IMPROPER 51020 51018 51016 51005 $FC  120.0
IMPROPER 51028 51033 51031 51039 $FC  120.0
IMPROPER 51013 51050 51048 51056 $FC  120.0
DIHEDRAL 51080 51083 51085 51087 $FC  0.0
DIHEDRAL 51127 51130 51132 51134 $FC  0.0
DIHEDRAL 51174 51177 51179 51181 $FC  0.0
DIHEDRAL 51221 51224 51226 51228 $FC  0.0
IMPROPER 51253 51260 51258 51262 $FC  120.0
IMPROPER 51270 51281 51273 51275 $FC -120.0
DIHEDRAL 51305 51308 51310 51312 $FC  0.0
IMPROPER 51380 51387 51385 51389 $FC  120.0
IMPROPER 51397 51408 51400 51402 $FC -120.0
DIHEDRAL 51432 51435 51437 51439 $FC  0.0
IMPROPER 51522 51533 51525 51527 $FC -120.0
DIHEDRAL 51557 51560 51562 51564 $FC  0.0
IMPROPER 51647 51658 51650 51652 $FC -120.0
DIHEDRAL 51682 51685 51687 51689 $FC  0.0
IMPROPER 51772 51783 51775 51777 $FC -120.0
DIHEDRAL 51807 51810 51812 51814 $FC  0.0
IMPROPER 51882 51889 51887 51891 $FC  120.0
IMPROPER 51899 51910 51902 51904 $FC -120.0
DIHEDRAL 51934 51937 51939 51941 $FC  0.0
IMPROPER 52024 52022 52020 52009 $FC  120.0
IMPROPER 52032 52037 52035 52043 $FC  120.0
IMPROPER 52017 52054 52052 52060 $FC  120.0
DIHEDRAL 52084 52087 52089 52091 $FC  0.0
DIHEDRAL 52131 52134 52136 52138 $FC  0.0
DIHEDRAL 52178 52181 52183 52185 $FC  0.0
DIHEDRAL 52225 52228 52230 52232 $FC  0.0
IMPROPER 52272 52283 52275 52277 $FC -120.0
DIHEDRAL 52307 52310 52312 52314 $FC  0.0
IMPROPER 52397 52408 52400 52402 $FC -120.0
DIHEDRAL 52432 52435 52437 52439 $FC  0.0
IMPROPER 52522 52533 52525 52527 $FC -120.0
DIHEDRAL 52557 52560 52562 52564 $FC  0.0
IMPROPER 52647 52645 52643 52632 $FC  120.0
IMPROPER 52655 52660 52658 52666 $FC  120.0
IMPROPER 52640 52677 52675 52683 $FC  120.0
DIHEDRAL 52707 52710 52712 52714 $FC  0.0
DIHEDRAL 52754 52757 52759 52761 $FC  0.0
DIHEDRAL 52801 52804 52806 52808 $FC  0.0
DIHEDRAL 52848 52851 52853 52855 $FC  0.0
IMPROPER 52895 52906 52898 52900 $FC -120.0
DIHEDRAL 52930 52933 52935 52937 $FC  0.0
IMPROPER 53005 53012 53010 53014 $FC  120.0
IMPROPER 53022 53033 53025 53027 $FC -120.0
DIHEDRAL 53057 53060 53062 53064 $FC  0.0
IMPROPER 53132 53139 53137 53141 $FC  120.0
IMPROPER 53149 53160 53152 53154 $FC -120.0
DIHEDRAL 53184 53187 53189 53191 $FC  0.0
IMPROPER 53259 53266 53264 53268 $FC  120.0
IMPROPER 53276 53287 53279 53281 $FC -120.0
DIHEDRAL 53311 53314 53316 53318 $FC  0.0
IMPROPER 53386 53393 53391 53395 $FC  120.0
IMPROPER 53403 53414 53406 53408 $FC -120.0
DIHEDRAL 53438 53441 53443 53445 $FC  0.0
IMPROPER 53528 53539 53531 53533 $FC -120.0
DIHEDRAL 53563 53566 53568 53570 $FC  0.0
IMPROPER 53638 53645 53643 53647 $FC  120.0
IMPROPER 53655 53666 53658 53660 $FC -120.0
DIHEDRAL 53690 53693 53695 53697 $FC  0.0
IMPROPER 53765 53772 53770 53774 $FC  120.0
IMPROPER 53782 53793 53785 53787 $FC -120.0
DIHEDRAL 53817 53820 53822 53824 $FC  0.0
IMPROPER 53907 53918 53910 53912 $FC -120.0
DIHEDRAL 53942 53945 53947 53949 $FC  0.0
IMPROPER 54032 54043 54035 54037 $FC -120.0
DIHEDRAL 54067 54070 54072 54074 $FC  0.0
IMPROPER 54157 54168 54160 54162 $FC -120.0
DIHEDRAL 54192 54195 54197 54199 $FC  0.0
IMPROPER 54282 54293 54285 54287 $FC -120.0
DIHEDRAL 54317 54320 54322 54324 $FC  0.0
IMPROPER 54392 54399 54397 54401 $FC  120.0
IMPROPER 54409 54420 54412 54414 $FC -120.0
DIHEDRAL 54444 54447 54449 54451 $FC  0.0
IMPROPER 54534 54545 54537 54539 $FC -120.0
DIHEDRAL 54569 54572 54574 54576 $FC  0.0
IMPROPER 54659 54670 54662 54664 $FC -120.0
DIHEDRAL 54694 54697 54699 54701 $FC  0.0
IMPROPER 54784 54795 54787 54789 $FC -120.0
DIHEDRAL 54819 54822 54824 54826 $FC  0.0
IMPROPER 54909 54920 54912 54914 $FC -120.0
DIHEDRAL 54944 54947 54949 54951 $FC  0.0
IMPROPER 55019 55026 55024 55028 $FC  120.0
IMPROPER 55036 55047 55039 55041 $FC -120.0
DIHEDRAL 55071 55074 55076 55078 $FC  0.0
IMPROPER 55146 55153 55151 55155 $FC  120.0
IMPROPER 55163 55174 55166 55168 $FC -120.0
DIHEDRAL 55198 55201 55203 55205 $FC  0.0
IMPROPER 55273 55280 55278 55282 $FC  120.0
IMPROPER 55290 55301 55293 55295 $FC -120.0
DIHEDRAL 55325 55328 55330 55332 $FC  0.0
IMPROPER 55400 55407 55405 55409 $FC  120.0
IMPROPER 55417 55428 55420 55422 $FC -120.0
DIHEDRAL 55452 55455 55457 55459 $FC  0.0
IMPROPER 55542 55553 55545 55547 $FC -120.0
DIHEDRAL 55577 55580 55582 55584 $FC  0.0
IMPROPER 55652 55659 55657 55661 $FC  120.0
IMPROPER 55669 55680 55672 55674 $FC -120.0
DIHEDRAL 55704 55707 55709 55711 $FC  0.0
IMPROPER 55794 55792 55790 55779 $FC  120.0
IMPROPER 55802 55807 55805 55813 $FC  120.0
IMPROPER 55787 55824 55822 55830 $FC  120.0
DIHEDRAL 55854 55857 55859 55861 $FC  0.0
DIHEDRAL 55901 55904 55906 55908 $FC  0.0
DIHEDRAL 55948 55951 55953 55955 $FC  0.0
DIHEDRAL 55995 55998 56000 56002 $FC  0.0
IMPROPER 56027 56034 56032 56036 $FC  120.0
IMPROPER 56044 56055 56047 56049 $FC -120.0
DIHEDRAL 56079 56082 56084 56086 $FC  0.0
IMPROPER 56154 56161 56159 56163 $FC  120.0
IMPROPER 56171 56182 56174 56176 $FC -120.0
DIHEDRAL 56206 56209 56211 56213 $FC  0.0
IMPROPER 56281 56288 56286 56290 $FC  120.0
IMPROPER 56298 56309 56301 56303 $FC -120.0
DIHEDRAL 56333 56336 56338 56340 $FC  0.0
IMPROPER 56423 56434 56426 56428 $FC -120.0
DIHEDRAL 56458 56461 56463 56465 $FC  0.0
IMPROPER 56533 56540 56538 56542 $FC  120.0
IMPROPER 56550 56561 56553 56555 $FC -120.0
DIHEDRAL 56585 56588 56590 56592 $FC  0.0
IMPROPER 56675 56673 56671 56660 $FC  120.0
IMPROPER 56683 56688 56686 56694 $FC  120.0
IMPROPER 56668 56705 56703 56711 $FC  120.0
DIHEDRAL 56735 56738 56740 56742 $FC  0.0
DIHEDRAL 56782 56785 56787 56789 $FC  0.0
DIHEDRAL 56829 56832 56834 56836 $FC  0.0
DIHEDRAL 56876 56879 56881 56883 $FC  0.0
IMPROPER 56923 56934 56926 56928 $FC -120.0
DIHEDRAL 56958 56961 56963 56965 $FC  0.0
IMPROPER 57048 57059 57051 57053 $FC -120.0
DIHEDRAL 57083 57086 57088 57090 $FC  0.0
IMPROPER 57158 57165 57163 57167 $FC  120.0
IMPROPER 57175 57186 57178 57180 $FC -120.0
DIHEDRAL 57210 57213 57215 57217 $FC  0.0
IMPROPER 57285 57292 57290 57294 $FC  120.0
IMPROPER 57302 57313 57305 57307 $FC -120.0
DIHEDRAL 57337 57340 57342 57344 $FC  0.0
IMPROPER 57427 57438 57430 57432 $FC -120.0
DIHEDRAL 57462 57465 57467 57469 $FC  0.0
IMPROPER 57552 57563 57555 57557 $FC -120.0
DIHEDRAL 57587 57590 57592 57594 $FC  0.0
IMPROPER 57677 57688 57680 57682 $FC -120.0
DIHEDRAL 57712 57715 57717 57719 $FC  0.0
IMPROPER 57787 57794 57792 57796 $FC  120.0
IMPROPER 57804 57815 57807 57809 $FC -120.0
DIHEDRAL 57839 57842 57844 57846 $FC  0.0
IMPROPER 57929 57940 57932 57934 $FC -120.0
DIHEDRAL 57964 57967 57969 57971 $FC  0.0
IMPROPER 58054 58065 58057 58059 $FC -120.0
DIHEDRAL 58089 58092 58094 58096 $FC  0.0
IMPROPER 58164 58171 58169 58173 $FC  120.0
IMPROPER 58181 58192 58184 58186 $FC -120.0
DIHEDRAL 58216 58219 58221 58223 $FC  0.0
IMPROPER 58306 58317 58309 58311 $FC -120.0
DIHEDRAL 58341 58344 58346 58348 $FC  0.0
IMPROPER 58431 58442 58434 58436 $FC -120.0
DIHEDRAL 58466 58469 58471 58473 $FC  0.0
IMPROPER 58556 58567 58559 58561 $FC -120.0
DIHEDRAL 58591 58594 58596 58598 $FC  0.0
IMPROPER 58666 58673 58671 58675 $FC  120.0
IMPROPER 58683 58694 58686 58688 $FC -120.0
DIHEDRAL 58718 58721 58723 58725 $FC  0.0
IMPROPER 58808 58819 58811 58813 $FC -120.0
DIHEDRAL 58843 58846 58848 58850 $FC  0.0
IMPROPER 58933 58931 58929 58918 $FC  120.0
IMPROPER 58941 58946 58944 58952 $FC  120.0
IMPROPER 58926 58963 58961 58969 $FC  120.0
DIHEDRAL 58993 58996 58998 59000 $FC  0.0
DIHEDRAL 59040 59043 59045 59047 $FC  0.0
DIHEDRAL 59087 59090 59092 59094 $FC  0.0
DIHEDRAL 59134 59137 59139 59141 $FC  0.0
IMPROPER 59181 59192 59184 59186 $FC -120.0
DIHEDRAL 59216 59219 59221 59223 $FC  0.0
IMPROPER 59291 59298 59296 59300 $FC  120.0
IMPROPER 59308 59319 59311 59313 $FC -120.0
DIHEDRAL 59343 59346 59348 59350 $FC  0.0
IMPROPER 59433 59444 59436 59438 $FC -120.0
DIHEDRAL 59468 59471 59473 59475 $FC  0.0
IMPROPER 59558 59569 59561 59563 $FC -120.0
DIHEDRAL 59593 59596 59598 59600 $FC  0.0
IMPROPER 59668 59675 59673 59677 $FC  120.0
IMPROPER 59685 59696 59688 59690 $FC -120.0
DIHEDRAL 59720 59723 59725 59727 $FC  0.0
IMPROPER 59795 59802 59800 59804 $FC  120.0
IMPROPER 59812 59823 59815 59817 $FC -120.0
DIHEDRAL 59847 59850 59852 59854 $FC  0.0
IMPROPER 59922 59929 59927 59931 $FC  120.0
IMPROPER 59939 59950 59942 59944 $FC -120.0
DIHEDRAL 59974 59977 59979 59981 $FC  0.0
IMPROPER 60064 60075 60067 60069 $FC -120.0
DIHEDRAL 60099 60102 60104 60106 $FC  0.0
IMPROPER 60189 60200 60192 60194 $FC -120.0
DIHEDRAL 60224 60227 60229 60231 $FC  0.0
IMPROPER 60299 60306 60304 60308 $FC  120.0
IMPROPER 60316 60327 60319 60321 $FC -120.0
DIHEDRAL 60351 60354 60356 60358 $FC  0.0
IMPROPER 60441 60439 60437 60426 $FC  120.0
IMPROPER 60449 60454 60452 60460 $FC  120.0
IMPROPER 60434 60471 60469 60477 $FC  120.0
DIHEDRAL 60501 60504 60506 60508 $FC  0.0
DIHEDRAL 60548 60551 60553 60555 $FC  0.0
DIHEDRAL 60595 60598 60600 60602 $FC  0.0
DIHEDRAL 60642 60645 60647 60649 $FC  0.0
IMPROPER 60674 60681 60679 60683 $FC  120.0
IMPROPER 60691 60702 60694 60696 $FC -120.0
DIHEDRAL 60726 60729 60731 60733 $FC  0.0
IMPROPER 60816 60827 60819 60821 $FC -120.0
DIHEDRAL 60851 60854 60856 60858 $FC  0.0
IMPROPER 60941 60952 60944 60946 $FC -120.0
DIHEDRAL 60976 60979 60981 60983 $FC  0.0
IMPROPER 61066 61077 61069 61071 $FC -120.0
DIHEDRAL 61101 61104 61106 61108 $FC  0.0
IMPROPER 61176 61183 61181 61185 $FC  120.0
IMPROPER 61193 61204 61196 61198 $FC -120.0
DIHEDRAL 61228 61231 61233 61235 $FC  0.0
IMPROPER 61303 61310 61308 61312 $FC  120.0
IMPROPER 61320 61331 61323 61325 $FC -120.0
DIHEDRAL 61355 61358 61360 61362 $FC  0.0
IMPROPER 61445 61456 61448 61450 $FC -120.0
DIHEDRAL 61480 61483 61485 61487 $FC  0.0
IMPROPER 61570 61568 61566 61555 $FC  120.0
IMPROPER 61578 61583 61581 61589 $FC  120.0
IMPROPER 61563 61600 61598 61606 $FC  120.0
DIHEDRAL 61630 61633 61635 61637 $FC  0.0
DIHEDRAL 61677 61680 61682 61684 $FC  0.0
DIHEDRAL 61724 61727 61729 61731 $FC  0.0
DIHEDRAL 61771 61774 61776 61778 $FC  0.0
IMPROPER 61818 61829 61821 61823 $FC -120.0
DIHEDRAL 61853 61856 61858 61860 $FC  0.0
IMPROPER 61928 61935 61933 61937 $FC  120.0
IMPROPER 61945 61956 61948 61950 $FC -120.0
DIHEDRAL 61980 61983 61985 61987 $FC  0.0
IMPROPER 62055 62062 62060 62064 $FC  120.0
IMPROPER 62072 62083 62075 62077 $FC -120.0
DIHEDRAL 62107 62110 62112 62114 $FC  0.0
IMPROPER 62197 62208 62200 62202 $FC -120.0
DIHEDRAL 62232 62235 62237 62239 $FC  0.0
IMPROPER 62307 62314 62312 62316 $FC  120.0
IMPROPER 62324 62335 62327 62329 $FC -120.0
DIHEDRAL 62359 62362 62364 62366 $FC  0.0
IMPROPER 62449 62460 62452 62454 $FC -120.0
DIHEDRAL 62484 62487 62489 62491 $FC  0.0
IMPROPER 62559 62566 62564 62568 $FC  120.0
IMPROPER 62576 62587 62579 62581 $FC -120.0
DIHEDRAL 62611 62614 62616 62618 $FC  0.0
IMPROPER 62701 62712 62704 62706 $FC -120.0
DIHEDRAL 62736 62739 62741 62743 $FC  0.0
IMPROPER 62811 62818 62816 62820 $FC  120.0
IMPROPER 62828 62839 62831 62833 $FC -120.0
DIHEDRAL 62863 62866 62868 62870 $FC  0.0
IMPROPER 62938 62945 62943 62947 $FC  120.0
IMPROPER 62955 62966 62958 62960 $FC -120.0
DIHEDRAL 62990 62993 62995 62997 $FC  0.0
IMPROPER 63080 63091 63083 63085 $FC -120.0
DIHEDRAL 63115 63118 63120 63122 $FC  0.0
IMPROPER 63205 63216 63208 63210 $FC -120.0
DIHEDRAL 63240 63243 63245 63247 $FC  0.0
IMPROPER 63315 63322 63320 63324 $FC  120.0
IMPROPER 63332 63343 63335 63337 $FC -120.0
DIHEDRAL 63367 63370 63372 63374 $FC  0.0
IMPROPER 63457 63468 63460 63462 $FC -120.0
DIHEDRAL 63492 63495 63497 63499 $FC  0.0
IMPROPER 63582 63593 63585 63587 $FC -120.0
DIHEDRAL 63617 63620 63622 63624 $FC  0.0
IMPROPER 63707 63718 63710 63712 $FC -120.0
DIHEDRAL 63742 63745 63747 63749 $FC  0.0
IMPROPER 63817 63824 63822 63826 $FC  120.0
IMPROPER 63834 63845 63837 63839 $FC -120.0
DIHEDRAL 63869 63872 63874 63876 $FC  0.0
IMPROPER 63959 63970 63962 63964 $FC -120.0
DIHEDRAL 63994 63997 63999 64001 $FC  0.0
IMPROPER 64084 64082 64080 64069 $FC  120.0
IMPROPER 64092 64097 64095 64103 $FC  120.0
IMPROPER 64077 64114 64112 64120 $FC  120.0
DIHEDRAL 64144 64147 64149 64151 $FC  0.0
DIHEDRAL 64191 64194 64196 64198 $FC  0.0
DIHEDRAL 64238 64241 64243 64245 $FC  0.0
DIHEDRAL 64285 64288 64290 64292 $FC  0.0
IMPROPER 64317 64324 64322 64326 $FC  120.0
IMPROPER 64334 64345 64337 64339 $FC -120.0
DIHEDRAL 64369 64372 64374 64376 $FC  0.0
IMPROPER 64444 64451 64449 64453 $FC  120.0
IMPROPER 64461 64472 64464 64466 $FC -120.0
DIHEDRAL 64496 64499 64501 64503 $FC  0.0
IMPROPER 64586 64597 64589 64591 $FC -120.0
DIHEDRAL 64621 64624 64626 64628 $FC  0.0
IMPROPER 64711 64722 64714 64716 $FC -120.0
DIHEDRAL 64746 64749 64751 64753 $FC  0.0
IMPROPER 64836 64847 64839 64841 $FC -120.0
DIHEDRAL 64871 64874 64876 64878 $FC  0.0
IMPROPER 64961 64972 64964 64966 $FC -120.0
DIHEDRAL 64996 64999 65001 65003 $FC  0.0
IMPROPER 65086 65097 65089 65091 $FC -120.0
DIHEDRAL 65121 65124 65126 65128 $FC  0.0
IMPROPER 65196 65203 65201 65205 $FC  120.0
IMPROPER 65213 65224 65216 65218 $FC -120.0
DIHEDRAL 65248 65251 65253 65255 $FC  0.0
IMPROPER 65323 65330 65328 65332 $FC  120.0
IMPROPER 65340 65351 65343 65345 $FC -120.0
DIHEDRAL 65375 65378 65380 65382 $FC  0.0
IMPROPER 65450 65457 65455 65459 $FC  120.0
IMPROPER 65467 65478 65470 65472 $FC -120.0
DIHEDRAL 65502 65505 65507 65509 $FC  0.0
IMPROPER 65592 65603 65595 65597 $FC -120.0
DIHEDRAL 65627 65630 65632 65634 $FC  0.0
IMPROPER 65717 65728 65720 65722 $FC -120.0
DIHEDRAL 65752 65755 65757 65759 $FC  0.0
IMPROPER 65842 65853 65845 65847 $FC -120.0
DIHEDRAL 65877 65880 65882 65884 $FC  0.0
IMPROPER 65952 65959 65957 65961 $FC  120.0
IMPROPER 65969 65980 65972 65974 $FC -120.0
DIHEDRAL 66004 66007 66009 66011 $FC  0.0
IMPROPER 66079 66086 66084 66088 $FC  120.0
IMPROPER 66096 66107 66099 66101 $FC -120.0
DIHEDRAL 66131 66134 66136 66138 $FC  0.0
IMPROPER 66221 66232 66224 66226 $FC -120.0
DIHEDRAL 66256 66259 66261 66263 $FC  0.0
IMPROPER 66346 66357 66349 66351 $FC -120.0
DIHEDRAL 66381 66384 66386 66388 $FC  0.0
IMPROPER 66471 66482 66474 66476 $FC -120.0
DIHEDRAL 66506 66509 66511 66513 $FC  0.0
IMPROPER 66581 66588 66586 66590 $FC  120.0
IMPROPER 66598 66609 66601 66603 $FC -120.0
DIHEDRAL 66633 66636 66638 66640 $FC  0.0
IMPROPER 66708 66715 66713 66717 $FC  120.0
IMPROPER 66725 66736 66728 66730 $FC -120.0
DIHEDRAL 66760 66763 66765 66767 $FC  0.0
IMPROPER 66835 66842 66840 66844 $FC  120.0
IMPROPER 66852 66863 66855 66857 $FC -120.0
DIHEDRAL 66887 66890 66892 66894 $FC  0.0
IMPROPER 66977 66975 66973 66962 $FC  120.0
IMPROPER 66985 66990 66988 66996 $FC  120.0
IMPROPER 66970 67007 67005 67013 $FC  120.0
DIHEDRAL 67037 67040 67042 67044 $FC  0.0
DIHEDRAL 67084 67087 67089 67091 $FC  0.0
DIHEDRAL 67131 67134 67136 67138 $FC  0.0
DIHEDRAL 67178 67181 67183 67185 $FC  0.0
IMPROPER 67210 67217 67215 67219 $FC  120.0
IMPROPER 67227 67238 67230 67232 $FC -120.0
DIHEDRAL 67262 67265 67267 67269 $FC  0.0
IMPROPER 67352 67363 67355 67357 $FC -120.0
DIHEDRAL 67387 67390 67392 67394 $FC  0.0
IMPROPER 67477 67488 67480 67482 $FC -120.0
DIHEDRAL 67512 67515 67517 67519 $FC  0.0
IMPROPER 67587 67594 67592 67596 $FC  120.0
IMPROPER 67604 67615 67607 67609 $FC -120.0
DIHEDRAL 67639 67642 67644 67646 $FC  0.0
IMPROPER 67714 67721 67719 67723 $FC  120.0
IMPROPER 67731 67742 67734 67736 $FC -120.0
DIHEDRAL 67766 67769 67771 67773 $FC  0.0
IMPROPER 67841 67848 67846 67850 $FC  120.0
IMPROPER 67858 67869 67861 67863 $FC -120.0
DIHEDRAL 67893 67896 67898 67900 $FC  0.0
IMPROPER 67983 67994 67986 67988 $FC -120.0
DIHEDRAL 68018 68021 68023 68025 $FC  0.0
IMPROPER 68093 68100 68098 68102 $FC  120.0
IMPROPER 68110 68121 68113 68115 $FC -120.0
DIHEDRAL 68145 68148 68150 68152 $FC  0.0
IMPROPER 68235 68246 68238 68240 $FC -120.0
DIHEDRAL 68270 68273 68275 68277 $FC  0.0
IMPROPER 68345 68352 68350 68354 $FC  120.0
IMPROPER 68362 68373 68365 68367 $FC -120.0
DIHEDRAL 68397 68400 68402 68404 $FC  0.0
IMPROPER 68472 68479 68477 68481 $FC  120.0
IMPROPER 68489 68500 68492 68494 $FC -120.0
DIHEDRAL 68524 68527 68529 68531 $FC  0.0
IMPROPER 68599 68606 68604 68608 $FC  120.0
IMPROPER 68616 68627 68619 68621 $FC -120.0
DIHEDRAL 68651 68654 68656 68658 $FC  0.0
IMPROPER 68726 68733 68731 68735 $FC  120.0
IMPROPER 68743 68754 68746 68748 $FC -120.0
DIHEDRAL 68778 68781 68783 68785 $FC  0.0
IMPROPER 68853 68860 68858 68862 $FC  120.0
IMPROPER 68870 68881 68873 68875 $FC -120.0
DIHEDRAL 68905 68908 68910 68912 $FC  0.0
IMPROPER 68980 68987 68985 68989 $FC  120.0
IMPROPER 68997 69008 69000 69002 $FC -120.0
DIHEDRAL 69032 69035 69037 69039 $FC  0.0
IMPROPER 69107 69114 69112 69116 $FC  120.0
IMPROPER 69124 69135 69127 69129 $FC -120.0
DIHEDRAL 69159 69162 69164 69166 $FC  0.0
IMPROPER 69249 69260 69252 69254 $FC -120.0
DIHEDRAL 69284 69287 69289 69291 $FC  0.0
IMPROPER 69359 69366 69364 69368 $FC  120.0
IMPROPER 69376 69387 69379 69381 $FC -120.0
DIHEDRAL 69411 69414 69416 69418 $FC  0.0
IMPROPER 69486 69493 69491 69495 $FC  120.0
IMPROPER 69503 69514 69506 69508 $FC -120.0
DIHEDRAL 69538 69541 69543 69545 $FC  0.0
IMPROPER 69613 69620 69618 69622 $FC  120.0
IMPROPER 69630 69641 69633 69635 $FC -120.0
DIHEDRAL 69665 69668 69670 69672 $FC  0.0
IMPROPER 69740 69747 69745 69749 $FC  120.0
IMPROPER 69757 69768 69760 69762 $FC -120.0
DIHEDRAL 69792 69795 69797 69799 $FC  0.0
IMPROPER 69882 69893 69885 69887 $FC -120.0
DIHEDRAL 69917 69920 69922 69924 $FC  0.0
IMPROPER 70007 70018 70010 70012 $FC -120.0
DIHEDRAL 70042 70045 70047 70049 $FC  0.0
IMPROPER 70132 70143 70135 70137 $FC -120.0
DIHEDRAL 70167 70170 70172 70174 $FC  0.0
IMPROPER 70257 70268 70260 70262 $FC -120.0
DIHEDRAL 70292 70295 70297 70299 $FC  0.0
IMPROPER 70367 70374 70372 70376 $FC  120.0
IMPROPER 70384 70395 70387 70389 $FC -120.0
DIHEDRAL 70419 70422 70424 70426 $FC  0.0
IMPROPER 70494 70501 70499 70503 $FC  120.0
IMPROPER 70511 70522 70514 70516 $FC -120.0
DIHEDRAL 70546 70549 70551 70553 $FC  0.0
IMPROPER 70636 70647 70639 70641 $FC -120.0
DIHEDRAL 70671 70674 70676 70678 $FC  0.0
IMPROPER 70746 70753 70751 70755 $FC  120.0
IMPROPER 70763 70774 70766 70768 $FC -120.0
DIHEDRAL 70798 70801 70803 70805 $FC  0.0
IMPROPER 70873 70880 70878 70882 $FC  120.0
IMPROPER 70890 70901 70893 70895 $FC -120.0
DIHEDRAL 70925 70928 70930 70932 $FC  0.0
IMPROPER 71015 71026 71018 71020 $FC -120.0
DIHEDRAL 71050 71053 71055 71057 $FC  0.0
IMPROPER 71140 71138 71136 71125 $FC  120.0
IMPROPER 71148 71153 71151 71159 $FC  120.0
IMPROPER 71133 71170 71168 71176 $FC  120.0
DIHEDRAL 71200 71203 71205 71207 $FC  0.0
DIHEDRAL 71247 71250 71252 71254 $FC  0.0
DIHEDRAL 71294 71297 71299 71301 $FC  0.0
DIHEDRAL 71341 71344 71346 71348 $FC  0.0
IMPROPER 71373 71380 71378 71382 $FC  120.0
IMPROPER 71390 71401 71393 71395 $FC -120.0
DIHEDRAL 71425 71428 71430 71432 $FC  0.0
IMPROPER 71500 71507 71505 71509 $FC  120.0
IMPROPER 71517 71528 71520 71522 $FC -120.0
DIHEDRAL 71552 71555 71557 71559 $FC  0.0
IMPROPER 71642 71653 71645 71647 $FC -120.0
DIHEDRAL 71677 71680 71682 71684 $FC  0.0
IMPROPER 71767 71778 71770 71772 $FC -120.0
DIHEDRAL 71802 71805 71807 71809 $FC  0.0
IMPROPER 71892 71903 71895 71897 $FC -120.0
DIHEDRAL 71927 71930 71932 71934 $FC  0.0
IMPROPER 72017 72028 72020 72022 $FC -120.0
DIHEDRAL 72052 72055 72057 72059 $FC  0.0
IMPROPER 72142 72153 72145 72147 $FC -120.0
DIHEDRAL 72177 72180 72182 72184 $FC  0.0
IMPROPER 72252 72259 72257 72261 $FC  120.0
IMPROPER 72269 72280 72272 72274 $FC -120.0
DIHEDRAL 72304 72307 72309 72311 $FC  0.0
IMPROPER 72379 72386 72384 72388 $FC  120.0
IMPROPER 72396 72407 72399 72401 $FC -120.0
DIHEDRAL 72431 72434 72436 72438 $FC  0.0
IMPROPER 72506 72513 72511 72515 $FC  120.0
IMPROPER 72523 72534 72526 72528 $FC -120.0
DIHEDRAL 72558 72561 72563 72565 $FC  0.0
IMPROPER 72648 72659 72651 72653 $FC -120.0
DIHEDRAL 72683 72686 72688 72690 $FC  0.0
IMPROPER 72758 72765 72763 72767 $FC  120.0
IMPROPER 72775 72786 72778 72780 $FC -120.0
DIHEDRAL 72810 72813 72815 72817 $FC  0.0
IMPROPER 72900 72911 72903 72905 $FC -120.0
DIHEDRAL 72935 72938 72940 72942 $FC  0.0
IMPROPER 73010 73017 73015 73019 $FC  120.0
IMPROPER 73027 73038 73030 73032 $FC -120.0
DIHEDRAL 73062 73065 73067 73069 $FC  0.0
IMPROPER 73137 73144 73142 73146 $FC  120.0
IMPROPER 73154 73165 73157 73159 $FC -120.0
DIHEDRAL 73189 73192 73194 73196 $FC  0.0
IMPROPER 73264 73271 73269 73273 $FC  120.0
IMPROPER 73281 73292 73284 73286 $FC -120.0
DIHEDRAL 73316 73319 73321 73323 $FC  0.0
IMPROPER 73406 73417 73409 73411 $FC -120.0
DIHEDRAL 73441 73444 73446 73448 $FC  0.0
IMPROPER 73531 73542 73534 73536 $FC -120.0
DIHEDRAL 73566 73569 73571 73573 $FC  0.0
IMPROPER 73656 73667 73659 73661 $FC -120.0
DIHEDRAL 73691 73694 73696 73698 $FC  0.0
IMPROPER 73781 73792 73784 73786 $FC -120.0
DIHEDRAL 73816 73819 73821 73823 $FC  0.0
IMPROPER 73891 73898 73896 73900 $FC  120.0
IMPROPER 73908 73919 73911 73913 $FC -120.0
DIHEDRAL 73943 73946 73948 73950 $FC  0.0
IMPROPER 74033 74044 74036 74038 $FC -120.0
DIHEDRAL 74068 74071 74073 74075 $FC  0.0
IMPROPER 74143 74150 74148 74152 $FC  120.0
IMPROPER 74160 74171 74163 74165 $FC -120.0
DIHEDRAL 74195 74198 74200 74202 $FC  0.0
IMPROPER 74285 74296 74288 74290 $FC -120.0
DIHEDRAL 74320 74323 74325 74327 $FC  0.0
IMPROPER 74395 74402 74400 74404 $FC  120.0
IMPROPER 74412 74423 74415 74417 $FC -120.0
DIHEDRAL 74447 74450 74452 74454 $FC  0.0
IMPROPER 74537 74548 74540 74542 $FC -120.0
DIHEDRAL 74572 74575 74577 74579 $FC  0.0
IMPROPER 74662 74660 74658 74647 $FC  120.0
IMPROPER 74670 74675 74673 74681 $FC  120.0
IMPROPER 74655 74692 74690 74698 $FC  120.0
DIHEDRAL 74722 74725 74727 74729 $FC  0.0
DIHEDRAL 74769 74772 74774 74776 $FC  0.0
DIHEDRAL 74816 74819 74821 74823 $FC  0.0
DIHEDRAL 74863 74866 74868 74870 $FC  0.0
IMPROPER 74910 74921 74913 74915 $FC -120.0
DIHEDRAL 74945 74948 74950 74952 $FC  0.0
IMPROPER 75020 75027 75025 75029 $FC  120.0
IMPROPER 75037 75048 75040 75042 $FC -120.0
DIHEDRAL 75072 75075 75077 75079 $FC  0.0
IMPROPER 75162 75173 75165 75167 $FC -120.0
DIHEDRAL 75197 75200 75202 75204 $FC  0.0
IMPROPER 75272 75279 75277 75281 $FC  120.0
IMPROPER 75289 75300 75292 75294 $FC -120.0
DIHEDRAL 75324 75327 75329 75331 $FC  0.0
IMPROPER 75399 75406 75404 75408 $FC  120.0
IMPROPER 75416 75427 75419 75421 $FC -120.0
DIHEDRAL 75451 75454 75456 75458 $FC  0.0
IMPROPER 75526 75533 75531 75535 $FC  120.0
IMPROPER 75543 75554 75546 75548 $FC -120.0
DIHEDRAL 75578 75581 75583 75585 $FC  0.0
IMPROPER 75668 75666 75664 75653 $FC  120.0
IMPROPER 75676 75681 75679 75687 $FC  120.0
IMPROPER 75661 75698 75696 75704 $FC  120.0
DIHEDRAL 75728 75731 75733 75735 $FC  0.0
DIHEDRAL 75775 75778 75780 75782 $FC  0.0
DIHEDRAL 75822 75825 75827 75829 $FC  0.0
DIHEDRAL 75869 75872 75874 75876 $FC  0.0
IMPROPER 75901 75908 75906 75910 $FC  120.0
IMPROPER 75918 75929 75921 75923 $FC -120.0
DIHEDRAL 75953 75956 75958 75960 $FC  0.0
IMPROPER 76043 76054 76046 76048 $FC -120.0
DIHEDRAL 76078 76081 76083 76085 $FC  0.0
IMPROPER 76153 76160 76158 76162 $FC  120.0
IMPROPER 76170 76181 76173 76175 $FC -120.0
DIHEDRAL 76205 76208 76210 76212 $FC  0.0
IMPROPER 76280 76287 76285 76289 $FC  120.0
IMPROPER 76297 76308 76300 76302 $FC -120.0
DIHEDRAL 76332 76335 76337 76339 $FC  0.0
IMPROPER 76422 76420 76418 76407 $FC  120.0
IMPROPER 76430 76435 76433 76441 $FC  120.0
IMPROPER 76415 76452 76450 76458 $FC  120.0
DIHEDRAL 76482 76485 76487 76489 $FC  0.0
DIHEDRAL 76529 76532 76534 76536 $FC  0.0
DIHEDRAL 76576 76579 76581 76583 $FC  0.0
DIHEDRAL 76623 76626 76628 76630 $FC  0.0
IMPROPER 76670 76681 76673 76675 $FC -120.0
DIHEDRAL 76705 76708 76710 76712 $FC  0.0
IMPROPER 76795 76806 76798 76800 $FC -120.0
DIHEDRAL 76830 76833 76835 76837 $FC  0.0
IMPROPER 76920 76931 76923 76925 $FC -120.0
DIHEDRAL 76955 76958 76960 76962 $FC  0.0
IMPROPER 77030 77037 77035 77039 $FC  120.0
IMPROPER 77047 77058 77050 77052 $FC -120.0
DIHEDRAL 77082 77085 77087 77089 $FC  0.0
IMPROPER 77172 77183 77175 77177 $FC -120.0
DIHEDRAL 77207 77210 77212 77214 $FC  0.0
IMPROPER 77297 77308 77300 77302 $FC -120.0
DIHEDRAL 77332 77335 77337 77339 $FC  0.0
IMPROPER 77422 77420 77418 77407 $FC  120.0
IMPROPER 77430 77435 77433 77441 $FC  120.0
IMPROPER 77415 77452 77450 77458 $FC  120.0
DIHEDRAL 77482 77485 77487 77489 $FC  0.0
DIHEDRAL 77529 77532 77534 77536 $FC  0.0
DIHEDRAL 77576 77579 77581 77583 $FC  0.0
DIHEDRAL 77623 77626 77628 77630 $FC  0.0
IMPROPER 77655 77662 77660 77664 $FC  120.0
IMPROPER 77672 77683 77675 77677 $FC -120.0
DIHEDRAL 77707 77710 77712 77714 $FC  0.0
IMPROPER 77797 77808 77800 77802 $FC -120.0
DIHEDRAL 77832 77835 77837 77839 $FC  0.0
IMPROPER 77922 77920 77918 77907 $FC  120.0
IMPROPER 77930 77935 77933 77941 $FC  120.0
IMPROPER 77915 77952 77950 77958 $FC  120.0
DIHEDRAL 77982 77985 77987 77989 $FC  0.0
DIHEDRAL 78029 78032 78034 78036 $FC  0.0
DIHEDRAL 78076 78079 78081 78083 $FC  0.0
DIHEDRAL 78123 78126 78128 78130 $FC  0.0
IMPROPER 78170 78181 78173 78175 $FC -120.0
DIHEDRAL 78205 78208 78210 78212 $FC  0.0
IMPROPER 78295 78306 78298 78300 $FC -120.0
DIHEDRAL 78330 78333 78335 78337 $FC  0.0
IMPROPER 78405 78412 78410 78414 $FC  120.0
IMPROPER 78422 78433 78425 78427 $FC -120.0
DIHEDRAL 78457 78460 78462 78464 $FC  0.0
IMPROPER 78547 78545 78543 78532 $FC  120.0
IMPROPER 78555 78560 78558 78566 $FC  120.0
IMPROPER 78540 78577 78575 78583 $FC  120.0
DIHEDRAL 78607 78610 78612 78614 $FC  0.0
DIHEDRAL 78654 78657 78659 78661 $FC  0.0
DIHEDRAL 78701 78704 78706 78708 $FC  0.0
DIHEDRAL 78748 78751 78753 78755 $FC  0.0
IMPROPER 78795 78806 78798 78800 $FC -120.0
DIHEDRAL 78830 78833 78835 78837 $FC  0.0
IMPROPER 78905 78912 78910 78914 $FC  120.0
IMPROPER 78922 78933 78925 78927 $FC -120.0
DIHEDRAL 78957 78960 78962 78964 $FC  0.0
IMPROPER 79047 79058 79050 79052 $FC -120.0
DIHEDRAL 79082 79085 79087 79089 $FC  0.0
IMPROPER 79157 79164 79162 79166 $FC  120.0
IMPROPER 79174 79185 79177 79179 $FC -120.0
DIHEDRAL 79209 79212 79214 79216 $FC  0.0
IMPROPER 79284 79291 79289 79293 $FC  120.0
IMPROPER 79301 79312 79304 79306 $FC -120.0
DIHEDRAL 79336 79339 79341 79343 $FC  0.0
IMPROPER 79426 79437 79429 79431 $FC -120.0
DIHEDRAL 79461 79464 79466 79468 $FC  0.0
IMPROPER 79536 79543 79541 79545 $FC  120.0
IMPROPER 79553 79564 79556 79558 $FC -120.0
DIHEDRAL 79588 79591 79593 79595 $FC  0.0
IMPROPER 79663 79670 79668 79672 $FC  120.0
IMPROPER 79680 79691 79683 79685 $FC -120.0
DIHEDRAL 79715 79718 79720 79722 $FC  0.0
IMPROPER 79805 79816 79808 79810 $FC -120.0
DIHEDRAL 79840 79843 79845 79847 $FC  0.0
IMPROPER 79915 79922 79920 79924 $FC  120.0
IMPROPER 79932 79943 79935 79937 $FC -120.0
DIHEDRAL 79967 79970 79972 79974 $FC  0.0
IMPROPER 80057 80068 80060 80062 $FC -120.0
DIHEDRAL 80092 80095 80097 80099 $FC  0.0
IMPROPER 80182 80193 80185 80187 $FC -120.0
DIHEDRAL 80217 80220 80222 80224 $FC  0.0
IMPROPER 80292 80299 80297 80301 $FC  120.0
IMPROPER 80309 80320 80312 80314 $FC -120.0
DIHEDRAL 80344 80347 80349 80351 $FC  0.0
IMPROPER 80434 80432 80430 80419 $FC  120.0
IMPROPER 80442 80447 80445 80453 $FC  120.0
IMPROPER 80427 80464 80462 80470 $FC  120.0
DIHEDRAL 80494 80497 80499 80501 $FC  0.0
DIHEDRAL 80541 80544 80546 80548 $FC  0.0
DIHEDRAL 80588 80591 80593 80595 $FC  0.0
DIHEDRAL 80635 80638 80640 80642 $FC  0.0
IMPROPER 80682 80693 80685 80687 $FC -120.0
DIHEDRAL 80717 80720 80722 80724 $FC  0.0
IMPROPER 80807 80818 80810 80812 $FC -120.0
DIHEDRAL 80842 80845 80847 80849 $FC  0.0
IMPROPER 80917 80924 80922 80926 $FC  120.0
IMPROPER 80934 80945 80937 80939 $FC -120.0
DIHEDRAL 80969 80972 80974 80976 $FC  0.0
IMPROPER 81044 81051 81049 81053 $FC  120.0
IMPROPER 81061 81072 81064 81066 $FC -120.0
DIHEDRAL 81096 81099 81101 81103 $FC  0.0
IMPROPER 81171 81178 81176 81180 $FC  120.0
IMPROPER 81188 81199 81191 81193 $FC -120.0
DIHEDRAL 81223 81226 81228 81230 $FC  0.0
IMPROPER 81313 81311 81309 81298 $FC  120.0
IMPROPER 81321 81326 81324 81332 $FC  120.0
IMPROPER 81306 81343 81341 81349 $FC  120.0
DIHEDRAL 81373 81376 81378 81380 $FC  0.0
DIHEDRAL 81420 81423 81425 81427 $FC  0.0
DIHEDRAL 81467 81470 81472 81474 $FC  0.0
DIHEDRAL 81514 81517 81519 81521 $FC  0.0
IMPROPER 81561 81572 81564 81566 $FC -120.0
DIHEDRAL 81596 81599 81601 81603 $FC  0.0
IMPROPER 81671 81678 81676 81680 $FC  120.0
IMPROPER 81688 81699 81691 81693 $FC -120.0
DIHEDRAL 81723 81726 81728 81730 $FC  0.0
IMPROPER 81798 81805 81803 81807 $FC  120.0
IMPROPER 81815 81826 81818 81820 $FC -120.0
DIHEDRAL 81850 81853 81855 81857 $FC  0.0
IMPROPER 81940 81951 81943 81945 $FC -120.0
DIHEDRAL 81975 81978 81980 81982 $FC  0.0
IMPROPER 82065 82063 82061 82050 $FC  120.0
IMPROPER 82073 82078 82076 82084 $FC  120.0
IMPROPER 82058 82095 82093 82101 $FC  120.0
DIHEDRAL 82125 82128 82130 82132 $FC  0.0
DIHEDRAL 82172 82175 82177 82179 $FC  0.0
DIHEDRAL 82219 82222 82224 82226 $FC  0.0
DIHEDRAL 82266 82269 82271 82273 $FC  0.0
IMPROPER 82313 82324 82316 82318 $FC -120.0
DIHEDRAL 82348 82351 82353 82355 $FC  0.0
IMPROPER 82423 82430 82428 82432 $FC  120.0
IMPROPER 82440 82451 82443 82445 $FC -120.0
DIHEDRAL 82475 82478 82480 82482 $FC  0.0
IMPROPER 82550 82557 82555 82559 $FC  120.0
IMPROPER 82567 82578 82570 82572 $FC -120.0
DIHEDRAL 82602 82605 82607 82609 $FC  0.0
IMPROPER 82692 82690 82688 82677 $FC  120.0
IMPROPER 82700 82705 82703 82711 $FC  120.0
IMPROPER 82685 82722 82720 82728 $FC  120.0
DIHEDRAL 82752 82755 82757 82759 $FC  0.0
DIHEDRAL 82799 82802 82804 82806 $FC  0.0
DIHEDRAL 82846 82849 82851 82853 $FC  0.0
DIHEDRAL 82893 82896 82898 82900 $FC  0.0
IMPROPER 82940 82938 82936 82925 $FC  120.0
IMPROPER 82948 82953 82951 82959 $FC  120.0
IMPROPER 82933 82970 82968 82976 $FC  120.0
DIHEDRAL 83000 83003 83005 83007 $FC  0.0
DIHEDRAL 83047 83050 83052 83054 $FC  0.0
DIHEDRAL 83094 83097 83099 83101 $FC  0.0
DIHEDRAL 83141 83144 83146 83148 $FC  0.0
IMPROPER 83188 83199 83191 83193 $FC -120.0
DIHEDRAL 83223 83226 83228 83230 $FC  0.0
IMPROPER 83313 83311 83309 83298 $FC  120.0
IMPROPER 83321 83326 83324 83332 $FC  120.0
IMPROPER 83306 83343 83341 83349 $FC  120.0
DIHEDRAL 83373 83376 83378 83380 $FC  0.0
DIHEDRAL 83420 83423 83425 83427 $FC  0.0
DIHEDRAL 83467 83470 83472 83474 $FC  0.0
DIHEDRAL 83514 83517 83519 83521 $FC  0.0
IMPROPER 83561 83572 83564 83566 $FC -120.0
DIHEDRAL 83596 83599 83601 83603 $FC  0.0
IMPROPER 83686 83697 83689 83691 $FC -120.0
DIHEDRAL 83721 83724 83726 83728 $FC  0.0
IMPROPER 83796 83803 83801 83805 $FC  120.0
IMPROPER 83813 83824 83816 83818 $FC -120.0
DIHEDRAL 83848 83851 83853 83855 $FC  0.0
IMPROPER 83923 83930 83928 83932 $FC  120.0
IMPROPER 83940 83951 83943 83945 $FC -120.0
DIHEDRAL 83975 83978 83980 83982 $FC  0.0
IMPROPER 84050 84057 84055 84059 $FC  120.0
IMPROPER 84067 84078 84070 84072 $FC -120.0
DIHEDRAL 84102 84105 84107 84109 $FC  0.0
IMPROPER 84192 84203 84195 84197 $FC -120.0
DIHEDRAL 84227 84230 84232 84234 $FC  0.0
IMPROPER 84317 84315 84313 84302 $FC  120.0
IMPROPER 84325 84330 84328 84336 $FC  120.0
IMPROPER 84310 84347 84345 84353 $FC  120.0
DIHEDRAL 84377 84380 84382 84384 $FC  0.0
DIHEDRAL 84424 84427 84429 84431 $FC  0.0
DIHEDRAL 84471 84474 84476 84478 $FC  0.0
DIHEDRAL 84518 84521 84523 84525 $FC  0.0
IMPROPER 84565 84576 84568 84570 $FC -120.0
DIHEDRAL 84600 84603 84605 84607 $FC  0.0
IMPROPER 84675 84682 84680 84684 $FC  120.0
IMPROPER 84692 84703 84695 84697 $FC -120.0
DIHEDRAL 84727 84730 84732 84734 $FC  0.0
IMPROPER 84817 84815 84813 84802 $FC  120.0
IMPROPER 84825 84830 84828 84836 $FC  120.0
IMPROPER 84810 84847 84845 84853 $FC  120.0
DIHEDRAL 84877 84880 84882 84884 $FC  0.0
DIHEDRAL 84924 84927 84929 84931 $FC  0.0
DIHEDRAL 84971 84974 84976 84978 $FC  0.0
DIHEDRAL 85018 85021 85023 85025 $FC  0.0
IMPROPER 85050 85057 85055 85059 $FC  120.0
IMPROPER 85067 85078 85070 85072 $FC -120.0
DIHEDRAL 85102 85105 85107 85109 $FC  0.0
IMPROPER 85192 85203 85195 85197 $FC -120.0
DIHEDRAL 85227 85230 85232 85234 $FC  0.0
IMPROPER 85302 85309 85307 85311 $FC  120.0
IMPROPER 85319 85330 85322 85324 $FC -120.0
DIHEDRAL 85354 85357 85359 85361 $FC  0.0
IMPROPER 85429 85436 85434 85438 $FC  120.0
IMPROPER 85446 85457 85449 85451 $FC -120.0
DIHEDRAL 85481 85484 85486 85488 $FC  0.0
IMPROPER 85571 85569 85567 85556 $FC  120.0
IMPROPER 85579 85584 85582 85590 $FC  120.0
IMPROPER 85564 85601 85599 85607 $FC  120.0
DIHEDRAL 85631 85634 85636 85638 $FC  0.0
DIHEDRAL 85678 85681 85683 85685 $FC  0.0
DIHEDRAL 85725 85728 85730 85732 $FC  0.0
DIHEDRAL 85772 85775 85777 85779 $FC  0.0
IMPROPER 85819 85830 85822 85824 $FC -120.0
DIHEDRAL 85854 85857 85859 85861 $FC  0.0
IMPROPER 85929 85936 85934 85938 $FC  120.0
IMPROPER 85946 85957 85949 85951 $FC -120.0
DIHEDRAL 85981 85984 85986 85988 $FC  0.0
IMPROPER 86056 86063 86061 86065 $FC  120.0
IMPROPER 86073 86084 86076 86078 $FC -120.0
DIHEDRAL 86108 86111 86113 86115 $FC  0.0
IMPROPER 86198 86209 86201 86203 $FC -120.0
DIHEDRAL 86233 86236 86238 86240 $FC  0.0
IMPROPER 86323 86334 86326 86328 $FC -120.0
DIHEDRAL 86358 86361 86363 86365 $FC  0.0
IMPROPER 86433 86440 86438 86442 $FC  120.0
IMPROPER 86450 86461 86453 86455 $FC -120.0
DIHEDRAL 86485 86488 86490 86492 $FC  0.0
IMPROPER 86575 86586 86578 86580 $FC -120.0
DIHEDRAL 86610 86613 86615 86617 $FC  0.0
IMPROPER 86685 86692 86690 86694 $FC  120.0
IMPROPER 86702 86713 86705 86707 $FC -120.0
DIHEDRAL 86737 86740 86742 86744 $FC  0.0
IMPROPER 86827 86838 86830 86832 $FC -120.0
DIHEDRAL 86862 86865 86867 86869 $FC  0.0
IMPROPER 86937 86944 86942 86946 $FC  120.0
IMPROPER 86954 86965 86957 86959 $FC -120.0
DIHEDRAL 86989 86992 86994 86996 $FC  0.0
IMPROPER 87079 87090 87082 87084 $FC -120.0
DIHEDRAL 87114 87117 87119 87121 $FC  0.0
IMPROPER 87189 87196 87194 87198 $FC  120.0
IMPROPER 87206 87217 87209 87211 $FC -120.0
DIHEDRAL 87241 87244 87246 87248 $FC  0.0
IMPROPER 87316 87323 87321 87325 $FC  120.0
IMPROPER 87333 87344 87336 87338 $FC -120.0
DIHEDRAL 87368 87371 87373 87375 $FC  0.0
IMPROPER 87458 87469 87461 87463 $FC -120.0
DIHEDRAL 87493 87496 87498 87500 $FC  0.0
IMPROPER 87583 87594 87586 87588 $FC -120.0
DIHEDRAL 87618 87621 87623 87625 $FC  0.0
IMPROPER 87693 87700 87698 87702 $FC  120.0
IMPROPER 87710 87721 87713 87715 $FC -120.0
DIHEDRAL 87745 87748 87750 87752 $FC  0.0
IMPROPER 87820 87827 87825 87829 $FC  120.0
IMPROPER 87837 87848 87840 87842 $FC -120.0
DIHEDRAL 87872 87875 87877 87879 $FC  0.0
IMPROPER 87962 87960 87958 87947 $FC  120.0
IMPROPER 87970 87975 87973 87981 $FC  120.0
IMPROPER 87955 87992 87990 87998 $FC  120.0
DIHEDRAL 88022 88025 88027 88029 $FC  0.0
DIHEDRAL 88069 88072 88074 88076 $FC  0.0
DIHEDRAL 88116 88119 88121 88123 $FC  0.0
DIHEDRAL 88163 88166 88168 88170 $FC  0.0
IMPROPER 88195 88202 88200 88204 $FC  120.0
IMPROPER 88212 88223 88215 88217 $FC -120.0
DIHEDRAL 88247 88250 88252 88254 $FC  0.0
IMPROPER 88322 88329 88327 88331 $FC  120.0
IMPROPER 88339 88350 88342 88344 $FC -120.0
DIHEDRAL 88374 88377 88379 88381 $FC  0.0
IMPROPER 88464 88475 88467 88469 $FC -120.0
DIHEDRAL 88499 88502 88504 88506 $FC  0.0
IMPROPER 88589 88600 88592 88594 $FC -120.0
DIHEDRAL 88624 88627 88629 88631 $FC  0.0
IMPROPER 88714 88725 88717 88719 $FC -120.0
DIHEDRAL 88749 88752 88754 88756 $FC  0.0
IMPROPER 88839 88850 88842 88844 $FC -120.0
DIHEDRAL 88874 88877 88879 88881 $FC  0.0
IMPROPER 88964 88975 88967 88969 $FC -120.0
DIHEDRAL 88999 89002 89004 89006 $FC  0.0
IMPROPER 89089 89100 89092 89094 $FC -120.0
DIHEDRAL 89124 89127 89129 89131 $FC  0.0
IMPROPER 89214 89225 89217 89219 $FC -120.0
DIHEDRAL 89249 89252 89254 89256 $FC  0.0
IMPROPER 89339 89337 89335 89324 $FC  120.0
IMPROPER 89347 89352 89350 89358 $FC  120.0
IMPROPER 89332 89369 89367 89375 $FC  120.0
DIHEDRAL 89399 89402 89404 89406 $FC  0.0
DIHEDRAL 89446 89449 89451 89453 $FC  0.0
DIHEDRAL 89493 89496 89498 89500 $FC  0.0
DIHEDRAL 89540 89543 89545 89547 $FC  0.0
IMPROPER 89572 89579 89577 89581 $FC  120.0
IMPROPER 89589 89600 89592 89594 $FC -120.0
DIHEDRAL 89624 89627 89629 89631 $FC  0.0
IMPROPER 89699 89706 89704 89708 $FC  120.0
IMPROPER 89716 89727 89719 89721 $FC -120.0
DIHEDRAL 89751 89754 89756 89758 $FC  0.0
IMPROPER 89841 89839 89837 89826 $FC  120.0
IMPROPER 89849 89854 89852 89860 $FC  120.0
IMPROPER 89834 89871 89869 89877 $FC  120.0
DIHEDRAL 89901 89904 89906 89908 $FC  0.0
DIHEDRAL 89948 89951 89953 89955 $FC  0.0
DIHEDRAL 89995 89998 90000 90002 $FC  0.0
DIHEDRAL 90042 90045 90047 90049 $FC  0.0
IMPROPER 90074 90081 90079 90083 $FC  120.0
IMPROPER 90091 90102 90094 90096 $FC -120.0
DIHEDRAL 90126 90129 90131 90133 $FC  0.0
IMPROPER 90201 90208 90206 90210 $FC  120.0
IMPROPER 90218 90229 90221 90223 $FC -120.0
DIHEDRAL 90253 90256 90258 90260 $FC  0.0
IMPROPER 90328 90335 90333 90337 $FC  120.0
IMPROPER 90345 90356 90348 90350 $FC -120.0
DIHEDRAL 90380 90383 90385 90387 $FC  0.0
IMPROPER 90455 90462 90460 90464 $FC  120.0
IMPROPER 90472 90483 90475 90477 $FC -120.0
DIHEDRAL 90507 90510 90512 90514 $FC  0.0
IMPROPER 90597 90608 90600 90602 $FC -120.0
DIHEDRAL 90632 90635 90637 90639 $FC  0.0
IMPROPER 90722 90733 90725 90727 $FC -120.0
DIHEDRAL 90757 90760 90762 90764 $FC  0.0
IMPROPER 90832 90839 90837 90841 $FC  120.0
IMPROPER 90849 90860 90852 90854 $FC -120.0
DIHEDRAL 90884 90887 90889 90891 $FC  0.0
IMPROPER 90974 90985 90977 90979 $FC -120.0
DIHEDRAL 91009 91012 91014 91016 $FC  0.0
IMPROPER 91084 91091 91089 91093 $FC  120.0
IMPROPER 91101 91112 91104 91106 $FC -120.0
DIHEDRAL 91136 91139 91141 91143 $FC  0.0
IMPROPER 91211 91218 91216 91220 $FC  120.0
IMPROPER 91228 91239 91231 91233 $FC -120.0
DIHEDRAL 91263 91266 91268 91270 $FC  0.0
IMPROPER 91338 91345 91343 91347 $FC  120.0
IMPROPER 91355 91366 91358 91360 $FC -120.0
DIHEDRAL 91390 91393 91395 91397 $FC  0.0
IMPROPER 91465 91472 91470 91474 $FC  120.0
IMPROPER 91482 91493 91485 91487 $FC -120.0
DIHEDRAL 91517 91520 91522 91524 $FC  0.0
IMPROPER 91607 91618 91610 91612 $FC -120.0
DIHEDRAL 91642 91645 91647 91649 $FC  0.0
IMPROPER 91732 91743 91735 91737 $FC -120.0
DIHEDRAL 91767 91770 91772 91774 $FC  0.0
IMPROPER 91857 91868 91860 91862 $FC -120.0
DIHEDRAL 91892 91895 91897 91899 $FC  0.0
IMPROPER 91982 91993 91985 91987 $FC -120.0
DIHEDRAL 92017 92020 92022 92024 $FC  0.0
IMPROPER 92092 92099 92097 92101 $FC  120.0
IMPROPER 92109 92120 92112 92114 $FC -120.0
DIHEDRAL 92144 92147 92149 92151 $FC  0.0
IMPROPER 92234 92245 92237 92239 $FC -120.0
DIHEDRAL 92269 92272 92274 92276 $FC  0.0
IMPROPER 92359 92370 92362 92364 $FC -120.0
DIHEDRAL 92394 92397 92399 92401 $FC  0.0
IMPROPER 92484 92482 92480 92469 $FC  120.0
IMPROPER 92492 92497 92495 92503 $FC  120.0
IMPROPER 92477 92514 92512 92520 $FC  120.0
DIHEDRAL 92544 92547 92549 92551 $FC  0.0
DIHEDRAL 92591 92594 92596 92598 $FC  0.0
DIHEDRAL 92638 92641 92643 92645 $FC  0.0
DIHEDRAL 92685 92688 92690 92692 $FC  0.0
IMPROPER 92732 92730 92728 92717 $FC  120.0
IMPROPER 92740 92745 92743 92751 $FC  120.0
IMPROPER 92725 92762 92760 92768 $FC  120.0
DIHEDRAL 92792 92795 92797 92799 $FC  0.0
DIHEDRAL 92839 92842 92844 92846 $FC  0.0
DIHEDRAL 92886 92889 92891 92893 $FC  0.0
DIHEDRAL 92933 92936 92938 92940 $FC  0.0
IMPROPER 92965 92972 92970 92974 $FC  120.0
IMPROPER 92982 92993 92985 92987 $FC -120.0
DIHEDRAL 93017 93020 93022 93024 $FC  0.0
IMPROPER 93107 93118 93110 93112 $FC -120.0
DIHEDRAL 93142 93145 93147 93149 $FC  0.0
IMPROPER 93217 93224 93222 93226 $FC  120.0
IMPROPER 93234 93245 93237 93239 $FC -120.0
DIHEDRAL 93269 93272 93274 93276 $FC  0.0
IMPROPER 93359 93370 93362 93364 $FC -120.0
DIHEDRAL 93394 93397 93399 93401 $FC  0.0
IMPROPER 93484 93495 93487 93489 $FC -120.0
DIHEDRAL 93519 93522 93524 93526 $FC  0.0
IMPROPER 93594 93601 93599 93603 $FC  120.0
IMPROPER 93611 93622 93614 93616 $FC -120.0
DIHEDRAL 93646 93649 93651 93653 $FC  0.0
IMPROPER 93721 93728 93726 93730 $FC  120.0
IMPROPER 93738 93749 93741 93743 $FC -120.0
DIHEDRAL 93773 93776 93778 93780 $FC  0.0
IMPROPER 93863 93874 93866 93868 $FC -120.0
DIHEDRAL 93898 93901 93903 93905 $FC  0.0
IMPROPER 93973 93980 93978 93982 $FC  120.0
IMPROPER 93990 94001 93993 93995 $FC -120.0
DIHEDRAL 94025 94028 94030 94032 $FC  0.0
IMPROPER 94115 94126 94118 94120 $FC -120.0
DIHEDRAL 94150 94153 94155 94157 $FC  0.0
IMPROPER 94240 94251 94243 94245 $FC -120.0
DIHEDRAL 94275 94278 94280 94282 $FC  0.0
IMPROPER 94350 94357 94355 94359 $FC  120.0
IMPROPER 94367 94378 94370 94372 $FC -120.0
DIHEDRAL 94402 94405 94407 94409 $FC  0.0
IMPROPER 94492 94503 94495 94497 $FC -120.0
DIHEDRAL 94527 94530 94532 94534 $FC  0.0
IMPROPER 94602 94609 94607 94611 $FC  120.0
IMPROPER 94619 94630 94622 94624 $FC -120.0
DIHEDRAL 94654 94657 94659 94661 $FC  0.0
IMPROPER 94744 94755 94747 94749 $FC -120.0
DIHEDRAL 94779 94782 94784 94786 $FC  0.0
IMPROPER 94869 94880 94872 94874 $FC -120.0
DIHEDRAL 94904 94907 94909 94911 $FC  0.0
IMPROPER 94979 94986 94984 94988 $FC  120.0
IMPROPER 94996 95007 94999 95001 $FC -120.0
DIHEDRAL 95031 95034 95036 95038 $FC  0.0
IMPROPER 95121 95132 95124 95126 $FC -120.0
DIHEDRAL 95156 95159 95161 95163 $FC  0.0
IMPROPER 95231 95238 95236 95240 $FC  120.0
IMPROPER 95248 95259 95251 95253 $FC -120.0
DIHEDRAL 95283 95286 95288 95290 $FC  0.0
IMPROPER 95358 95365 95363 95367 $FC  120.0
IMPROPER 95375 95386 95378 95380 $FC -120.0
DIHEDRAL 95410 95413 95415 95417 $FC  0.0
IMPROPER 95500 95511 95503 95505 $FC -120.0
DIHEDRAL 95535 95538 95540 95542 $FC  0.0
IMPROPER 95625 95636 95628 95630 $FC -120.0
DIHEDRAL 95660 95663 95665 95667 $FC  0.0
IMPROPER 95735 95742 95740 95744 $FC  120.0
IMPROPER 95752 95763 95755 95757 $FC -120.0
DIHEDRAL 95787 95790 95792 95794 $FC  0.0
IMPROPER 95877 95888 95880 95882 $FC -120.0
DIHEDRAL 95912 95915 95917 95919 $FC  0.0
IMPROPER 95987 95994 95992 95996 $FC  120.0
IMPROPER 96004 96015 96007 96009 $FC -120.0
DIHEDRAL 96039 96042 96044 96046 $FC  0.0
IMPROPER 96129 96140 96132 96134 $FC -120.0
DIHEDRAL 96164 96167 96169 96171 $FC  0.0
IMPROPER 96239 96246 96244 96248 $FC  120.0
IMPROPER 96256 96267 96259 96261 $FC -120.0
DIHEDRAL 96291 96294 96296 96298 $FC  0.0
IMPROPER 96381 96392 96384 96386 $FC -120.0
DIHEDRAL 96416 96419 96421 96423 $FC  0.0
IMPROPER 96491 96498 96496 96500 $FC  120.0
IMPROPER 96508 96519 96511 96513 $FC -120.0
DIHEDRAL 96543 96546 96548 96550 $FC  0.0
IMPROPER 96633 96644 96636 96638 $FC -120.0
DIHEDRAL 96668 96671 96673 96675 $FC  0.0
IMPROPER 96743 96750 96748 96752 $FC  120.0
IMPROPER 96760 96771 96763 96765 $FC -120.0
DIHEDRAL 96795 96798 96800 96802 $FC  0.0
IMPROPER 96885 96896 96888 96890 $FC -120.0
DIHEDRAL 96920 96923 96925 96927 $FC  0.0
IMPROPER 97010 97021 97013 97015 $FC -120.0
DIHEDRAL 97045 97048 97050 97052 $FC  0.0
IMPROPER 97120 97127 97125 97129 $FC  120.0
IMPROPER 97137 97148 97140 97142 $FC -120.0
DIHEDRAL 97172 97175 97177 97179 $FC  0.0
IMPROPER 97262 97260 97258 97247 $FC  120.0
IMPROPER 97270 97275 97273 97281 $FC  120.0
IMPROPER 97255 97292 97290 97298 $FC  120.0
DIHEDRAL 97322 97325 97327 97329 $FC  0.0
DIHEDRAL 97369 97372 97374 97376 $FC  0.0
DIHEDRAL 97416 97419 97421 97423 $FC  0.0
DIHEDRAL 97463 97466 97468 97470 $FC  0.0
IMPROPER 97495 97502 97500 97504 $FC  120.0
IMPROPER 97512 97523 97515 97517 $FC -120.0
DIHEDRAL 97547 97550 97552 97554 $FC  0.0
IMPROPER 97637 97648 97640 97642 $FC -120.0
DIHEDRAL 97672 97675 97677 97679 $FC  0.0
IMPROPER 97762 97760 97758 97747 $FC  120.0
IMPROPER 97770 97775 97773 97781 $FC  120.0
IMPROPER 97755 97792 97790 97798 $FC  120.0
DIHEDRAL 97822 97825 97827 97829 $FC  0.0
DIHEDRAL 97869 97872 97874 97876 $FC  0.0
DIHEDRAL 97916 97919 97921 97923 $FC  0.0
DIHEDRAL 97963 97966 97968 97970 $FC  0.0
IMPROPER 97995 98002 98000 98004 $FC  120.0
IMPROPER 98012 98023 98015 98017 $FC -120.0
DIHEDRAL 98047 98050 98052 98054 $FC  0.0
IMPROPER 98137 98148 98140 98142 $FC -120.0
DIHEDRAL 98172 98175 98177 98179 $FC  0.0
IMPROPER 98262 98273 98265 98267 $FC -120.0
DIHEDRAL 98297 98300 98302 98304 $FC  0.0
IMPROPER 98387 98398 98390 98392 $FC -120.0
DIHEDRAL 98422 98425 98427 98429 $FC  0.0
IMPROPER 98497 98504 98502 98506 $FC  120.0
IMPROPER 98514 98525 98517 98519 $FC -120.0
DIHEDRAL 98549 98552 98554 98556 $FC  0.0
IMPROPER 98639 98650 98642 98644 $FC -120.0
DIHEDRAL 98674 98677 98679 98681 $FC  0.0
IMPROPER 98764 98775 98767 98769 $FC -120.0
DIHEDRAL 98799 98802 98804 98806 $FC  0.0
IMPROPER 98889 98900 98892 98894 $FC -120.0
DIHEDRAL 98924 98927 98929 98931 $FC  0.0
IMPROPER 98999 99006 99004 99008 $FC  120.0
IMPROPER 99016 99027 99019 99021 $FC -120.0
DIHEDRAL 99051 99054 99056 99058 $FC  0.0
IMPROPER 99126 99133 99131 99135 $FC  120.0
IMPROPER 99143 99154 99146 99148 $FC -120.0
DIHEDRAL 99178 99181 99183 99185 $FC  0.0
IMPROPER 99268 99266 99264 99253 $FC  120.0
IMPROPER 99276 99281 99279 99287 $FC  120.0
IMPROPER 99261 99298 99296 99304 $FC  120.0
DIHEDRAL 99328 99331 99333 99335 $FC  0.0
DIHEDRAL 99375 99378 99380 99382 $FC  0.0
DIHEDRAL 99422 99425 99427 99429 $FC  0.0
DIHEDRAL 99469 99472 99474 99476 $FC  0.0
IMPROPER 99501 99508 99506 99510 $FC  120.0
IMPROPER 99518 99529 99521 99523 $FC -120.0
DIHEDRAL 99553 99556 99558 99560 $FC  0.0
IMPROPER 99643 99641 99639 99628 $FC  120.0
IMPROPER 99651 99656 99654 99662 $FC  120.0
IMPROPER 99636 99673 99671 99679 $FC  120.0
DIHEDRAL 99703 99706 99708 99710 $FC  0.0
DIHEDRAL 99750 99753 99755 99757 $FC  0.0
DIHEDRAL 99797 99800 99802 99804 $FC  0.0
DIHEDRAL 99844 99847 99849 99851 $FC  0.0
IMPROPER 99876 99883 99881 99885 $FC  120.0
IMPROPER 99893 99904 99896 99898 $FC -120.0
DIHEDRAL 99928 99931 99933 99935 $FC  0.0
IMPROPER 100018 100029 100021 100023 $FC -120.0
DIHEDRAL 100053 100056 100058 100060 $FC  0.0
IMPROPER 100143 100154 100146 100148 $FC -120.0
DIHEDRAL 100178 100181 100183 100185 $FC  0.0
IMPROPER 100268 100279 100271 100273 $FC -120.0
DIHEDRAL 100303 100306 100308 100310 $FC  0.0
IMPROPER 100393 100404 100396 100398 $FC -120.0
DIHEDRAL 100428 100431 100433 100435 $FC  0.0
IMPROPER 100518 100529 100521 100523 $FC -120.0
DIHEDRAL 100553 100556 100558 100560 $FC  0.0
IMPROPER 100628 100635 100633 100637 $FC  120.0
IMPROPER 100645 100656 100648 100650 $FC -120.0
DIHEDRAL 100680 100683 100685 100687 $FC  0.0
IMPROPER 100770 100781 100773 100775 $FC -120.0
DIHEDRAL 100805 100808 100810 100812 $FC  0.0
IMPROPER 100895 100906 100898 100900 $FC -120.0
DIHEDRAL 100930 100933 100935 100937 $FC  0.0
IMPROPER 101005 101012 101010 101014 $FC  120.0
IMPROPER 101022 101033 101025 101027 $FC -120.0
DIHEDRAL 101057 101060 101062 101064 $FC  0.0
IMPROPER 101147 101158 101150 101152 $FC -120.0
DIHEDRAL 101182 101185 101187 101189 $FC  0.0
IMPROPER 101257 101264 101262 101266 $FC  120.0
IMPROPER 101274 101285 101277 101279 $FC -120.0
DIHEDRAL 101309 101312 101314 101316 $FC  0.0
IMPROPER 101384 101391 101389 101393 $FC  120.0
IMPROPER 101401 101412 101404 101406 $FC -120.0
DIHEDRAL 101436 101439 101441 101443 $FC  0.0
IMPROPER 101526 101537 101529 101531 $FC -120.0
DIHEDRAL 101561 101564 101566 101568 $FC  0.0
IMPROPER 101651 101662 101654 101656 $FC -120.0
DIHEDRAL 101686 101689 101691 101693 $FC  0.0
IMPROPER 101776 101787 101779 101781 $FC -120.0
DIHEDRAL 101811 101814 101816 101818 $FC  0.0
IMPROPER 101901 101912 101904 101906 $FC -120.0
DIHEDRAL 101936 101939 101941 101943 $FC  0.0
IMPROPER 102011 102018 102016 102020 $FC  120.0
IMPROPER 102028 102039 102031 102033 $FC -120.0
DIHEDRAL 102063 102066 102068 102070 $FC  0.0
IMPROPER 102153 102164 102156 102158 $FC -120.0
DIHEDRAL 102188 102191 102193 102195 $FC  0.0
IMPROPER 102263 102270 102268 102272 $FC  120.0
IMPROPER 102280 102291 102283 102285 $FC -120.0
DIHEDRAL 102315 102318 102320 102322 $FC  0.0
IMPROPER 102390 102397 102395 102399 $FC  120.0
IMPROPER 102407 102418 102410 102412 $FC -120.0
DIHEDRAL 102442 102445 102447 102449 $FC  0.0
IMPROPER 102517 102524 102522 102526 $FC  120.0
IMPROPER 102534 102545 102537 102539 $FC -120.0
DIHEDRAL 102569 102572 102574 102576 $FC  0.0
IMPROPER 102644 102651 102649 102653 $FC  120.0
IMPROPER 102661 102672 102664 102666 $FC -120.0
DIHEDRAL 102696 102699 102701 102703 $FC  0.0
IMPROPER 102786 102784 102782 102771 $FC  120.0
IMPROPER 102794 102799 102797 102805 $FC  120.0
IMPROPER 102779 102816 102814 102822 $FC  120.0
DIHEDRAL 102846 102849 102851 102853 $FC  0.0
DIHEDRAL 102893 102896 102898 102900 $FC  0.0
DIHEDRAL 102940 102943 102945 102947 $FC  0.0
DIHEDRAL 102987 102990 102992 102994 $FC  0.0
IMPROPER 103019 103026 103024 103028 $FC  120.0
IMPROPER 103036 103047 103039 103041 $FC -120.0
DIHEDRAL 103071 103074 103076 103078 $FC  0.0
IMPROPER 103161 103172 103164 103166 $FC -120.0
DIHEDRAL 103196 103199 103201 103203 $FC  0.0
IMPROPER 103286 103297 103289 103291 $FC -120.0
DIHEDRAL 103321 103324 103326 103328 $FC  0.0
IMPROPER 103411 103422 103414 103416 $FC -120.0
DIHEDRAL 103446 103449 103451 103453 $FC  0.0
IMPROPER 103536 103547 103539 103541 $FC -120.0
DIHEDRAL 103571 103574 103576 103578 $FC  0.0
IMPROPER 103646 103653 103651 103655 $FC  120.0
IMPROPER 103663 103674 103666 103668 $FC -120.0
DIHEDRAL 103698 103701 103703 103705 $FC  0.0
IMPROPER 103773 103780 103778 103782 $FC  120.0
IMPROPER 103790 103801 103793 103795 $FC -120.0
DIHEDRAL 103825 103828 103830 103832 $FC  0.0
IMPROPER 103915 103913 103911 103900 $FC  120.0
IMPROPER 103923 103928 103926 103934 $FC  120.0
IMPROPER 103908 103945 103943 103951 $FC  120.0
DIHEDRAL 103975 103978 103980 103982 $FC  0.0
DIHEDRAL 104022 104025 104027 104029 $FC  0.0
DIHEDRAL 104069 104072 104074 104076 $FC  0.0
DIHEDRAL 104116 104119 104121 104123 $FC  0.0
IMPROPER 104148 104155 104153 104157 $FC  120.0
IMPROPER 104165 104176 104168 104170 $FC -120.0
DIHEDRAL 104200 104203 104205 104207 $FC  0.0
IMPROPER 104290 104301 104293 104295 $FC -120.0
DIHEDRAL 104325 104328 104330 104332 $FC  0.0
IMPROPER 104415 104426 104418 104420 $FC -120.0
DIHEDRAL 104450 104453 104455 104457 $FC  0.0
IMPROPER 104540 104538 104536 104525 $FC  120.0
IMPROPER 104548 104553 104551 104559 $FC  120.0
IMPROPER 104533 104570 104568 104576 $FC  120.0
DIHEDRAL 104600 104603 104605 104607 $FC  0.0
DIHEDRAL 104647 104650 104652 104654 $FC  0.0
DIHEDRAL 104694 104697 104699 104701 $FC  0.0
DIHEDRAL 104741 104744 104746 104748 $FC  0.0
IMPROPER 104773 104780 104778 104782 $FC  120.0
IMPROPER 104790 104801 104793 104795 $FC -120.0
DIHEDRAL 104825 104828 104830 104832 $FC  0.0
IMPROPER 104900 104907 104905 104909 $FC  120.0
IMPROPER 104917 104928 104920 104922 $FC -120.0
DIHEDRAL 104952 104955 104957 104959 $FC  0.0
IMPROPER 105042 105053 105045 105047 $FC -120.0
DIHEDRAL 105077 105080 105082 105084 $FC  0.0
IMPROPER 105167 105178 105170 105172 $FC -120.0
DIHEDRAL 105202 105205 105207 105209 $FC  0.0
IMPROPER 105277 105284 105282 105286 $FC  120.0
IMPROPER 105294 105305 105297 105299 $FC -120.0
DIHEDRAL 105329 105332 105334 105336 $FC  0.0
IMPROPER 105419 105417 105415 105404 $FC  120.0
IMPROPER 105427 105432 105430 105438 $FC  120.0
IMPROPER 105412 105449 105447 105455 $FC  120.0
DIHEDRAL 105479 105482 105484 105486 $FC  0.0
DIHEDRAL 105526 105529 105531 105533 $FC  0.0
DIHEDRAL 105573 105576 105578 105580 $FC  0.0
DIHEDRAL 105620 105623 105625 105627 $FC  0.0
IMPROPER 105667 105678 105670 105672 $FC -120.0
DIHEDRAL 105702 105705 105707 105709 $FC  0.0

